loop:1,season:59345965,P_air:0.9470764470091164,P_ice:0.00881643110300292,P_rego:0.04410712188788072,T_sub:193.7369484983992
0,193.7369484983992,844.9398768079119,193.7369527411655,844.9542077928648,193.7369527411655,844.9542077928648
1,193.7369484983992,822.2804812698752,193.7369527411655,826.9620311596905,193.7369527411655,826.9620311596905
2,193.7369484983992,815.5238720976862,193.7369527411655,819.5827164473033,193.7369527411655,819.5827164473033
3,193.7369484983992,808.7384479376385,193.7369527411655,813.0257770457756,193.7369527411655,813.0257770457756
4,193.7369484983992,801.2706014906922,193.7369527411655,805.9158907271071,193.7369527411655,805.9158907271071
5,193.7369484983992,792.7470796553361,193.7369527411655,797.7677093127179,193.7369527411655,797.7677093127179
6,193.7369484983992,782.9663291125445,193.7369527411655,788.3654425196403,193.7369527411655,788.3654425196403
7,193.7369484983992,771.8268053937866,193.7369527411655,777.6090925203816,193.7369527411655,777.6090925203816
8,193.7369484983992,759.2845470191878,193.7369527411655,765.4578929388531,193.7369527411655,765.4578929388531
9,193.7369484983992,745.3280437525232,193.7369527411655,751.9027477386313,193.7369527411655,751.9027477386313
10,193.7369484983992,729.9620991557597,193.7369527411655,736.9494254245191,193.7369527411655,736.9494254245191
11,193.7369484983992,713.062043232178,193.7369527411655,720.4595948969923,193.7369527411655,720.4595948969923
12,193.7369484983992,694.3965703980108,193.7369527411655,702.2094454943128,193.7369527411655,702.2094454943128
13,193.7369484983992,673.8581417409101,193.7369527411655,682.0958672179501,193.7369527411655,682.0958672179501
14,193.7369484983992,651.3736837243226,193.7369527411655,660.0496698486302,193.7369527411655,660.0496698486302
15,193.7369484983992,626.8779281925973,193.7369527411655,636.008909824061,193.7369527411655,636.008909824061
16,193.7369484983992,600.301963229647,193.7369527411655,609.9084074193919,193.7369527411655,609.9084074193919
17,193.7369484983992,571.565815700805,193.7369527411655,581.6749037607108,193.7369527411655,581.6749037607108
18,193.7369484983992,540.572206081162,193.7369527411655,551.2159873456123,193.7369527411655,551.2159873456123
19,193.7369484983992,507.1997087292396,193.7369527411655,518.4191920323516,193.7369527411655,518.4191920323516
20,193.7369484983992,471.2943709318045,193.7369527411655,483.1415018178673,193.7369527411655,483.1415018178673
21,193.7369484983992,432.6565509971798,193.7369527411655,445.1973731793066,193.7369527411655,445.1973731793066
22,193.7369484983992,391.018906372212,193.7369527411655,404.3366938278392,193.7369527411655,404.3366938278392
23,193.7369484983992,346.0160212239558,193.7369527411655,360.2043446367065,193.7369527411655,360.2043446367065
24,193.7369484983992,28.32739270200722,193.7369527411655,312.2307721001081,193.7369527411655,312.2307721001081
25,204.9875493095432,0,193.7369527411655,98.9966108351708,193.7369527411655,98.9966108351708
26,214.215974624475,0,208.652048897588,0,208.652048897588,0
27,222.5759354298812,0,221.1774274710799,0,221.1774274710799,0
28,230.2454391475421,0,230.5262492724374,0,230.5262492724374,0
29,236.9157215281904,0,237.6670593757032,0,237.6670593757032,0
30,242.6806655251712,0,243.4143370254458,0,243.4143370254458,0
31,247.6480762893461,0,248.2828386787139,0,248.2828386787139,0
32,251.9250908436075,0,252.4539345147772,0,252.4539345147772,0
33,255.6059143983634,0,256.0357026229299,0,256.0357026229299,0
34,258.7709159340279,0,259.1104129005761,0,259.1104129005761,0
35,261.4893340865198,0,261.7469652158828,0,261.7469652158828,0
36,263.8216199272538,0,264.0052102452436,0,264.0052102452436,0
37,265.8208966661469,0,265.9377413587424,0,265.9377413587424,0
38,267.5338925209241,0,267.5908564367653,0,267.5908564367653,0
39,269.0016198662483,0,269.0051670615474,0,269.0051670615474,0
40,270.2599246675701,0,270.2161523453387,0,270.2161523453387,0
41,271.3399627160549,0,271.2545904616057,0,271.2545904616057,0
42,272.26863368461,0,272.146937753429,0,272.146937753429,0
43,273.0689906589449,0,272.9158313718315,0,272.9158313718315,0
44,273.7606335099142,0,273.5803809876599,0,273.5803809876599,0
45,274.3600881998764,0,274.1566761946227,0,274.1566761946227,0
46,274.8811704639443,0,274.6580404239325,0,274.6580404239325,0
47,275.3353306482023,0,275.0955150801038,0,275.0955150801038,0
48,275.7319761706669,0,275.4780596289218,0,275.4780596289218,0
49,276.078768565635,0,275.8129729947014,0,275.8129729947014,0
50,276.3818929849793,0,276.1060933496869,0,276.1060933496869,0
51,276.6462990875285,0,276.3620454478126,0,276.3620454478126,0
52,276.8759132716603,0,276.5845192170117,0,276.5845192170117,0
53,277.0738230922333,0,276.7763439472099,0,276.7763439472099,0
54,277.2424354007263,0,276.9397439077974,0,276.9397439077974,0
55,277.3836102441647,0,277.0764322384301,0,277.0764322384301,0
56,277.4987728657975,0,277.187662684609,0,277.187662684609,0
57,277.5890062936618,0,277.2744425953844,0,277.2744425953844,0
58,277.6551270136454,0,277.3374988305587,0,277.3374988305587,0
59,277.6977461337225,0,277.3773437256407,0,277.3773437256407,0
60,277.7173182859522,0,277.3944034374798,0,277.3944034374798,0
61,277.714180308424,0,277.3889813135766,0,277.3889813135766,0
62,277.6885815221783,0,277.3612630589265,0,277.3612630589265,0
63,277.6407071845027,0,277.3114153129208,0,277.3114153129208,0
64,277.570696472112,0,277.2395933019167,0,277.2395933019167,0
65,277.4786561337262,0,277.1458599822427,0,277.1458599822427,0
66,277.3646707567362,0,277.030269726325,0,277.030269726325,0
67,277.2288104195632,0,276.8929341022681,0,276.8929341022681,0
68,277.0711363508602,0,276.7338988006257,0,276.7338988006257,0
69,276.8917050884735,0,276.553187329175,0,276.553187329175,0
70,276.6905715236276,0,276.3508503021981,0,276.3508503021981,0
71,276.4677911273411,0,276.126993934422,0,276.126993934422,0
72,276.2234215843845,0,275.8816471482749,0,275.8816471482749,0
73,275.9575240029464,0,275.6148386354874,0,275.6148386354874,0
74,275.6701638233629,0,275.3266462676237,0,275.3266462676237,0
75,275.3614115147684,0,275.0171927634846,0,275.0171927634846,0
76,275.0313431223636,0,274.6865187113112,0,274.6865187113112,0
77,274.6800407086441,0,274.3346683501487,0,274.3346683501487,0
78,274.3075927178795,0,273.961744404593,0,273.961744404593,0
79,273.9140942831818,0,273.567913236141,0,273.567913236141,0
80,273.4996474886854,0,273.1532328639392,0,273.1532328639392,0
81,273.0643615948541,0,272.7177637288299,0,272.7177637288299,0
82,272.6083532320557,0,272.261619065397,0,272.261619065397,0
83,272.1317465658607,0,271.7850451531966,0,271.7850451531966,0
84,271.6346734366267,0,271.2881183008658,0,271.2881183008658,0
85,271.1172734754662,0,270.7709006318856,0,270.7709006318856,0
86,270.5796941986131,0,270.2334947711407,0,270.2334947711407,0
87,270.0220910821976,0,269.6763005276121,0,269.6763005276121,0
88,269.4446276195241,0,269.099390214121,0,269.099390214121,0
89,268.8474753630359,0,268.5027437916241,0,268.5027437916241,0
90,268.2308139531544,0,267.8864904388121,0,267.8864904388121,0
91,267.5948311362051,0,267.2514486008488,0,267.2514486008488,0
92,266.9397227734679,0,266.5971828312937,0,266.5971828312937,0
93,266.2656928432156,0,265.9239469548751,0,265.9239469548751,0
94,265.5729534371287,0,265.2321440268804,0,265.2321440268804,0
95,264.8617247516893,0,264.5220847911006,0,264.5220847911006,0
96,264.1322350736765,0,263.7937525432378,0,263.7937525432378,0
97,263.3847207561286,0,263.0474278550941,0,263.0474278550941,0
98,262.6194261759433,0,262.2834319390029,0,262.2834319390029,0
99,261.8366036547362,0,261.5020720402387,0,261.5020720402387,0
100,261.0365133072625,0,260.7034855979292,0,260.7034855979292,0
101,260.219422750791,0,259.8879433800573,0,259.8879433800573,0
102,259.3856065554742,0,259.0557688322644,0,259.0557688322644,0
103,258.5353452256178,0,258.2072873697382,0,258.2072873697382,0
104,257.6689233543813,0,257.3427151214856,0,257.3427151214856,0
105,256.7866263611754,0,256.4623282655007,0,256.4623282655007,0
106,255.8887348647346,0,255.5664548293618,0,255.5664548293618,0
107,254.9755152227914,0,254.6554136804749,0,254.6554136804749,0
108,254.0472040390497,0,253.7294176875053,0,253.7294176875053,0
109,253.1039834721136,0,252.7886832427565,0,252.7886832427565,0
110,252.1459429882945,0,251.8334049998547,0,251.8334049998547,0
111,251.1730218572768,0,250.8636609954426,0,250.8636609954426,0
112,250.1849253748536,0,249.879268863795,0,249.879268863795,0
113,249.1810068198353,0,248.879815119587,0,248.879815119587,0
114,248.1601069612381,0,247.8644845180958,0,247.8644845180958,0
115,247.1203440832891,0,246.8318170707477,0,246.8318170707477,0
116,246.0588505638824,0,245.7794090261634,0,245.7794090261634,0
117,244.9714574643789,0,244.7037174412416,0,244.7037174412416,0
118,243.8523364499078,0,243.5996129616607,0,243.5996129616607,0
119,242.6936181067699,0,242.4598815575507,0,242.4598815575507,0
120,241.4850158609562,0,241.2748607082317,0,241.2748607082317,0
121,240.2134932174355,0,240.0320297439871,0,240.0320297439871,0
122,238.8630191553672,0,238.7155912455336,0,238.7155912455336,0
123,237.4144631605017,0,237.3058556088485,0,237.3058556088485,0
124,235.8456500552494,0,235.7775275336206,0,235.7775275336206,0
125,234.1314080344821,0,234.0974369301115,0,234.0974369301115,0
126,232.24341263263,0,232.2186354630326,0,232.2186354630326,0
127,230.1526226392873,0,230.0680160757095,0,230.0680160757095,0
128,227.8571326361314,0,227.6952527219141,0,227.6952527219141,0
129,225.4441398660827,0,225.2400035433434,0,225.2400035433434,0
130,222.9593869116,0,222.7281198272576,0,222.7281198272576,0
131,220.4306514309712,0,220.1774527202434,0,220.1774527202434,0
132,217.8785533462099,0,217.6029444674975,0,217.6029444674975,0
133,215.3223365539225,0,215.0200352716419,0,215.0200352716419,0
134,212.7828569382974,0,212.4470199803403,0,212.4470199803403,0
135,210.2837074498546,0,209.9067327257734,0,209.9067327257734,0
136,207.8502334653934,0,207.4270645967387,0,207.4270645967387,0
137,205.5053100221168,0,205.0396181746597,0,205.0396181746597,0
138,203.2599315432163,0,202.7743978779876,0,202.7743978779876,0
139,201.0958130368262,0,200.6482597071694,0,200.6482597071694,0
140,198.9362970643056,0,198.6430441154952,0,198.6430441154952,0
141,196.600828957986,0,193.7369527411655,105.8851506663671,193.7369527411655,105.8851506663671
142,193.7369484983992,56.91448872538736,193.7369527411655,283.7679096716188,193.7369527411655,283.7679096716188
143,193.7369484983992,304.6931736329431,193.7369527411655,351.9053183038191,193.7369527411655,351.9053183038191
144,193.7369484983992,377.8034979733181,193.7369527411655,416.2946422065896,193.7369527411655,416.2946422065896
145,193.7369484983992,443.5287909170344,193.7369527411655,476.4695866517316,193.7369527411655,476.4695866517316
146,193.7369484983992,505.6925436788327,193.7369527411655,534.4624858046928,193.7369527411655,534.4624858046928
147,193.7369484983992,565.2181574670476,193.7369527411655,592.0424225641822,193.7369527411655,592.0424225641822
148,193.7369484983992,623.0122689264872,193.7369527411655,647.343858870292,193.7369527411655,647.343858870292
149,193.7369484983992,679.2695568921657,193.7369527411655,702.1989192106184,193.7369527411655,702.1989192106184
150,193.7369484983992,733.9392547209842,193.7369527411655,755.5338407148581,193.7369527411655,755.5338407148581
151,193.7369484983992,787.4291698430358,193.7369527411655,807.7666146330633,193.7369527411655,807.7666146330633
152,193.7369484983992,839.3398545232569,193.7369527411655,858.3792441868378,193.7369527411655,858.3792441868378
153,193.7369484983992,889.5207641639648,193.7369527411655,907.7884186780148,193.7369527411655,907.7884186780148
154,193.7369484983992,937.6309086923186,193.7369527411655,955.0785640321501,193.7369527411655,955.0785640321501
155,193.7369484983992,983.2052592076508,193.7369527411655,999.7643621167832,193.7369527411655,999.7643621167832
156,193.7369484983992,1024.719119597982,193.7369527411655,1040.569728681369,193.7369527411655,1040.569728681369
157,193.7369484983992,1063.269618043294,193.7369527411655,1078.474631477255,193.7369527411655,1078.474631477255
158,193.7369484983992,1099.376085713802,193.7369527411655,1113.998265011598,193.7369527411655,1113.998265011598
159,193.7369484983992,1133.344566926103,193.7369527411655,1147.438840136578,193.7369527411655,1147.438840136578
160,193.7369484983992,1165.419465866071,193.7369527411655,1178.842236284465,193.7369527411655,1178.842236284465
161,193.7369484983992,1195.534550479759,193.7369527411655,1208.391838658218,193.7369527411655,1208.391838658218
162,193.7369484983992,1223.812238246157,193.7369527411655,1236.09668400556,193.7369527411655,1236.09668400556
163,193.7369484983992,1250.306654906186,193.7369527411655,1261.99555004187,193.7369527411655,1261.99555004187
164,193.7369484983992,1275.052231750092,193.7369527411655,1286.135421131796,193.7369527411655,1286.135421131796
165,193.7369484983992,1298.037678209285,193.7369527411655,1308.554225279766,193.7369527411655,1308.554225279766
166,193.7369484983992,1319.4014206666,193.7369527411655,1329.320129017438,193.7369527411655,1329.320129017438
167,193.7369484983992,1339.118751037684,193.7369527411655,1348.40129194935,193.7369527411655,1348.40129194935
168,193.7369484983992,1357.153199404215,193.7369527411655,1365.848784098263,193.7369527411655,1365.848784098263
169,193.7369484983992,1373.577935681468,193.7369527411655,1381.706203569588,193.7369527411655,1381.706203569588
170,193.7369484983992,1388.470066002278,193.7369527411655,1396.060098924245,193.7369527411655,1396.060098924245
171,193.7369484983992,1402.034695512076,193.7369527411655,1409.129151028828,193.7369527411655,1409.129151028828
172,193.7369484983992,1414.373380304264,193.7369527411655,1420.995871592767,193.7369527411655,1420.995871592767
173,193.7369484983992,1425.460057682592,193.7369527411655,1431.635503037611,193.7369527411655,1431.635503037611
174,193.7369484983992,1435.28599362444,193.7369527411655,1441.038756754952,193.7369527411655,1441.038756754952
175,193.7369484983992,1443.875050181751,193.7369527411655,1449.225365458935,193.7369527411655,1449.225365458935
176,193.7369484983992,1451.309328238984,193.7369527411655,1456.269259444446,193.7369527411655,1456.269259444446
177,193.7369484983992,1457.773890532007,193.7369527411655,1462.351093982906,193.7369527411655,1462.351093982906
178,193.7369484983992,1463.637598251192,193.7369527411655,1467.894802778686,193.7369527411655,1467.894802778686
179,193.7369484983992,1469.593037435853,193.7369527411655,1474.104806889653,193.7369527411655,1474.104806889653
180,193.7369484983992,1489.180218933587,193.7369527411655,1489.194502221369,193.7369527411655,1489.194502221369
