loop:1,season:59345780,P_air:4.991703101453729,P_ice:0,P_rego:0.008296898546270526,T_sub:214.2862808752871
0,473.8669515365885,0,473.8673302759326,0,473.8673302759326,0
1,476.5353348124152,0,476.9834303590815,0,476.9834303590815,0
2,477.3881210725524,0,477.9755490852091,0,477.9755490852091,0
3,477.8413561491956,0,478.504807263961,0,478.504807263961,0
4,478.093583786463,0,478.8049977518649,0,478.8049977518649,0
5,478.2093702454725,0,478.952563863987,0,478.952563863987,0
6,478.2172849780554,0,478.9815496785907,0,478.9815496785907,0
7,478.1323477725462,0,478.9099662595954,0,478.9099662595954,0
8,477.9634441119624,0,478.7485112667085,0,478.7485112667085,0
9,477.7163501951869,0,478.5041252648011,0,478.5041252648011,0
10,477.3951590867769,0,478.181659294787,0,478.181659294787,0
11,477.0030384773659,0,477.784742059991,0,477.784742059991,0
12,476.5426895604869,0,477.3162726457988,0,477.3162726457988,0
13,476.0166808547757,0,476.778728495897,0,476.778728495897,0
14,475.4277603631234,0,476.1743849029969,0,476.1743849029969,0
15,474.7792326683257,0,475.5055045044192,0,475.5055045044192,0
16,474.0755055057923,0,474.7745436390321,0,474.7745436390321,0
17,473.3229784740632,0,473.9847972980781,0,473.9847972980781,0
18,472.530524750829,0,473.148024903083,0,473.148024903083,0
19,471.7038187713672,0,472.2749539816526,0,472.2749539816526,0
20,470.8470135520445,0,471.3715819051597,0,471.3715819051597,0
21,469.9634711831754,0,470.4420543392868,0,470.4420543392868,0
22,469.0560806644282,0,469.4896599493908,0,469.4896599493908,0
23,468.1274166762074,0,468.5172638584741,0,468.5172638584741,0
24,467.1798268040962,0,467.5272829448527,0,467.5272829448527,0
25,466.2154849815381,0,466.5219319773667,0,466.5219319773667,0
26,465.2364254776696,0,465.5032835199576,0,465.5032835199576,0
27,464.2445640513631,0,464.4732528509742,0,464.4732528509742,0
28,463.2417102762063,0,463.4336698252188,0,463.4336698252188,0
29,462.2295736724535,0,462.3862705241653,0,462.3862705241653,0
30,461.2097654187992,0,461.3326998281228,0,461.3326998281228,0
31,460.1837968895932,0,460.2745203225585,0,460.2745203225585,0
32,459.1530759447285,0,459.2131959629898,0,459.2131959629898,0
33,458.1189016993539,0,458.1500911859779,0,458.1500911859779,0
34,457.0824583678473,0,457.0864717643279,0,457.0864717643279,0
35,456.044808683202,0,456.023455715702,0,456.023455715702,0
36,455.0068873230014,0,454.9620703877563,0,454.9620703877563,0
37,453.9694947159819,0,453.9031742295171,0,453.9031742295171,0
38,452.9332915526912,0,452.8474742567938,0,452.8474742567938,0
39,451.8987942758095,0,451.7955252880523,0,451.7955252880523,0
40,450.8663717782827,0,450.7477328148128,0,450.7477328148128,0
41,449.8362434894934,0,449.7043198767187,0,449.7043198767187,0
42,448.8084789810467,0,448.665332815553,0,448.665332815553,0
43,447.7829991748437,0,447.6306676086841,0,447.6306676086841,0
44,446.7595791877009,0,446.6000403352819,0,446.6000403352819,0
45,445.7378527998894,0,445.573002315199,0,445.573002315199,0
46,444.7173184907184,0,444.5489663393285,0,444.5489663393285,0
47,443.6973469437884,0,443.5271737785642,0,443.5271737785642,0
48,442.6771898888421,0,442.5067571533082,0,442.5067571533082,0
49,441.65599011706,0,441.4867221676301,0,441.4867221676301,0
50,440.6327924828838,0,440.4659647468206,0,440.4659647468206,0
51,439.6065556883801,0,439.4432831543118,0,439.4432831543118,0
52,438.576164635973,0,438.417427588786,0,438.417427588786,0
53,437.5404431319165,0,437.387050322855,0,437.387050322855,0
54,436.4981667258792,0,436.3507787831045,0,436.3507787831045,0
55,435.4480754808637,0,435.3072088629634,0,435.3072088629634,0
56,434.3888864816666,0,434.2549049545822,0,434.2549049545822,0
57,433.3193059083838,0,433.1924438495525,0,433.1924438495525,0
58,432.2380405230605,0,432.1184195593815,0,432.1184195593815,0
59,431.1438084415585,0,431.0314096669487,0,431.0314096669487,0
60,430.0353490880619,0,429.9300803286285,0,429.9300803286285,0
61,428.9114322554172,0,428.8130769492485,0,428.8130769492485,0
62,427.7708662198676,0,427.6791546639628,0,427.6791546639628,0
63,426.6125048829744,0,426.5270733673283,0,426.5270733673283,0
64,425.4352539359074,0,425.3557001564175,0,425.3557001564175,0
65,424.238076061479,0,424.1639263391735,0,424.1639263391735,0
66,423.0199952067824,0,422.9507651853318,0,422.9507651853318,0
67,421.78009997403,0,421.7152418972292,0,421.7152418972292,0
68,420.5175461889343,0,420.4565256585509,0,420.4565256585509,0
69,419.2315587148648,0,419.1737867818384,0,419.1737867818384,0
70,417.9214325871167,0,417.8663516558689,0,417.8663516558689,0
71,416.5865335451698,0,416.5335385659378,0,416.5335385659378,0
72,415.226298042054,0,415.1748299434133,0,415.1748299434133,0
73,413.8402328091597,0,413.7896967674812,0,413.7896967674812,0
74,412.4279140523893,0,412.3777485841687,0,412.3777485841687,0
75,410.9889863517592,0,410.9386341776515,0,410.9386341776515,0
76,409.5231613317235,0,409.4720512287415,0,409.4720512287415,0
77,408.0302161639919,0,407.9778396914785,0,407.9778396914785,0
78,406.5099919586168,0,406.4557847590495,0,406.4557847590495,0
79,404.9623920929931,0,404.9058786828332,0,404.9058786828332,0
80,403.3873805222736,0,403.3280379840171,0,403.3280379840171,0
81,401.784980108778,0,401.7223198200184,0,401.7223198200184,0
82,400.1552710023556,0,400.0888450279471,0,400.0888450279471,0
83,398.4983890985079,0,398.4276756559431,0,398.4276756559431,0
84,396.8145245963854,0,396.7391397259962,0,396.7391397259962,0
85,395.1039206746171,0,395.0233596830942,0,395.0233596830942,0
86,393.3668722993476,0,393.2807286998496,0,393.2807286998496,0
87,391.6037251757163,0,391.5116040068144,0,391.5116040068144,0
88,389.8148748514476,0,389.7162287155818,0,389.7162287155818,0
89,388.0007659790145,0,387.895388446119,0,387.895388446119,0
90,386.1618917410539,0,386.0490067592891,0,386.0490067592891,0
91,384.2987934421909,0,384.1784666588795,0,384.1784666588795,0
92,382.4120602691443,0,382.2835199256829,0,382.2835199256829,0
93,380.5023292198364,0,380.3653774761253,0,380.3653774761253,0
94,378.5702852011032,0,378.4243875310834,0,378.4243875310834,0
95,376.6166612934593,0,376.4614398866289,0,376.4614398866289,0
96,374.6422391800764,0,374.4773089735191,0,374.4773089735191,0
97,372.6478497356321,0,372.472731772259,0,372.472731772259,0
98,370.6343737688998,0,370.4487138707108,0,370.4487138707108,0
99,368.6027429107634,0,368.4060535035593,0,368.4060535035593,0
100,366.5539406367601,0,366.3458121468076,0,366.3458121468076,0
101,364.4890034101608,0,364.2689897993706,0,364.2689897993706,0
102,362.4090219280021,0,362.1766466747836,0,362.1766466747836,0
103,360.3151424483588,0,360.0699807907998,0,360.0699807907998,0
104,358.2085681724715,0,357.9501107426789,0,357.9501107426789,0
105,356.0905606502087,0,355.8183575952527,0,355.8183575952527,0
106,353.962441171761,0,353.6759847087631,0,353.6759847087631,0
107,351.8255921025604,0,351.5243906795886,0,351.5243906795886,0
108,349.68145811232,0,349.3650222124206,0,349.3650222124206,0
109,347.5315472429776,0,347.1993565423538,0,347.1993565423538,0
110,345.3774317543981,0,345.029004270905,0,345.029004270905,0
111,343.2207486811935,0,342.8555615438182,0,342.8555615438182,0
112,341.0632000292684,0,340.6807825684614,0,340.6807825684614,0
113,338.9065525369299,0,338.5064044691027,0,338.5064044691027,0
114,336.7526369230237,0,336.3343166014407,0,336.3343166014407,0
115,334.6033465438197,0,334.166403018637,0,334.166403018637,0
116,332.4606353816756,0,332.0046817985914,0,332.0046817985914,0
117,330.3265152920802,0,329.8511819676762,0,329.8511819676762,0
118,328.2030524418391,0,327.7080458067068,0,327.7080458067068,0
119,326.0923628800935,0,325.5774256649003,0,325.5774256649003,0
120,323.9966071956591,0,323.4615814809652,0,323.4615814809652,0
121,321.91798422891,0,321.36277019263,0,321.36277019263,0
122,319.858723823973,0,319.2833453042526,0,319.2833453042526,0
123,317.8210786271611,0,317.225638015136,0,317.225638015136,0
124,315.8073149599861,0,315.1920531770481,0,315.1920531770481,0
125,313.8197028192847,0,313.1849781959057,0,313.1849781959057,0
126,311.8605050823014,0,311.2068093886066,0,311.2068093886066,0
127,309.931966020308,0,309.2599543779552,0,309.2599543779552,0
128,308.0362992495652,0,307.3467487055059,0,307.3467487055059,0
129,306.1756752722981,0,305.4695409101267,0,305.4695409101267,0
130,304.3522087818135,0,303.6305925181623,0,303.6305925181623,0
131,302.5679459239908,0,301.8321072558808,0,301.8321072558808,0
132,300.8248517211484,0,300.0762037314616,0,300.0762037314616,0
133,299.124797872912,0,298.3649005966484,0,298.3649005966484,0
134,297.4695511514107,0,296.7001077401186,0,296.7001077401186,0
135,295.8607626043719,0,295.0835990281641,0,295.0835990281641,0
136,294.2999577691535,0,293.517024498809,0,293.517024498809,0
137,292.7885280833187,0,292.0018705584581,0,292.0018705584581,0
138,291.3277236531798,0,290.5394683285678,0,290.5394683285678,0
139,289.918647511271,0,289.1309743782918,0,289.1309743782918,0
140,288.562251457563,0,287.7773832453852,0,287.7773832453852,0
141,287.2593335383083,0,286.4794542119414,0,286.4794542119414,0
142,286.0105371717535,0,285.2378128801565,0,285.2378128801565,0
143,284.8163518826707,0,284.0529283348161,0,284.0529283348161,0
144,283.6771155588945,0,282.9251024513673,0,282.9251024513673,0
145,282.5930180938938,0,281.8544711988539,0,281.8544711988539,0
146,281.5641062306075,0,280.841004034895,0,280.841004034895,0
147,280.5902893738333,0,279.8845556447838,0,279.8845556447838,0
148,279.6713460912718,0,278.9848218969708,0,278.9848218969708,0
149,278.8069309759525,0,278.1413956430216,0,278.1413956430216,0
150,277.9965814931632,0,277.3537486469835,0,277.3537486469835,0
151,277.2397243794503,0,276.6212489865536,0,276.6212489865536,0
152,276.5356810935301,0,275.9431769966769,0,275.9431769966769,0
153,275.883671729194,0,275.318723093604,0,275.318723093604,0
154,275.282816672485,0,274.7469809868015,0,274.7469809868015,0
155,274.7321350925295,0,274.2269786840205,0,274.2269786840205,0
156,274.2305390471578,0,273.757595787174,0,273.757595787174,0
157,273.7768214717053,0,273.3376241021463,0,273.3376241021463,0
158,273.3696354768356,0,272.9656718995585,0,272.9656718995585,0
159,273.0074610421865,0,272.6400727541654,0,272.6400727541654,0
160,272.6885526190737,0,272.3588966184593,0,272.3588966184593,0
161,272.4108535120101,0,272.119534225777,0,272.119534225777,0
162,272.1718395624809,0,271.9184559056109,0,271.9184559056109,0
163,271.9682050439297,0,271.7503379524802,0,271.7503379524802,0
164,271.7951378090993,0,271.6040670147016,0,271.6040670147016,0
165,271.6446504734771,0,271.4712346751502,0,271.4712346751502,0
166,271.5112655762159,0,271.3500275952123,0,271.3500275952123,0
167,271.3915533239918,0,271.2391951333065,0,271.2391951333065,0
168,271.2832726157826,0,271.1378145727152,0,271.1378145727152,0
169,271.1848704809721,0,271.0451459057887,0,271.0451459057887,0
170,271.0951774462384,0,270.9605368415088,0,270.9605368415088,0
171,271.0132122333461,0,270.8833534484703,0,270.8833534484703,0
172,270.9380423375322,0,270.8129189741428,0,270.8129189741428,0
173,270.8686619159004,0,270.7484446296631,0,270.7484446296631,0
174,270.8038491261202,0,270.6889301835493,0,270.6889301835493,0
175,270.7419451125614,0,270.6329918992142,0,270.6329918992142,0
176,270.6804267320257,0,270.5785152309741,0,270.5785152309741,0
177,270.614904871739,0,270.5218301240541,0,270.5218301240541,0
178,270.5361660033673,0,270.4552694522109,0,270.4552694522109,0
179,270.4174607399351,0,270.3566830390841,0,270.3566830390841,0
180,270.0754367495414,0,270.0748174151101,0,270.0748174151101,0
