loop:1,season:59346890,P_air:0.04944257764044381,P_ice:0.01102584117344142,P_rego:0.03953158118611478,T_sub:164.303173857114
0,164.303173857114,771.2765151041705,174.5270608574813,0,164.303230747437,398.1037079379651
1,164.303173857114,768.6559380898707,174.6348332854879,0,164.303230747437,437.639915574535
2,164.303173857114,765.8736383842146,174.7384708858498,0,164.303230747437,478.782545862855
3,164.303173857114,761.5854461260724,174.8379872679021,0,164.303230747437,519.2751119354232
4,164.303173857114,755.6499311745757,174.9333954569201,0,164.303230747437,558.7340471612871
5,164.303173857114,748.0670963827794,175.0246684004682,0,164.303230747437,597.8064909730805
6,164.303173857114,738.8652512428978,175.1117467767127,0,164.303230747437,635.5526234121079
7,164.303173857114,728.078826467656,175.1946203843597,0,164.303230747437,672.5526149998427
8,164.303173857114,715.744466350154,175.2732126484339,0,164.303230747437,708.5164354358657
9,164.303173857114,701.9024477321501,175.3474942700682,0,164.303230747437,743.6730362852518
10,164.303173857114,686.5985806308425,175.4174422884387,0,164.303230747437,779.4440232522576
11,164.303173857114,669.7291817499296,175.4829743716517,0,164.303230747437,826.8246345537938
12,164.303173857114,651.0644671200274,175.5440928910436,0,164.303230747437,879.8365944783313
13,164.303173857114,630.4983417321051,175.6007621326819,0,164.303230747437,936.4416919193407
14,164.303173857114,607.9485209348661,175.6529173049626,0,164.303230747437,994.1672328511166
15,164.303173857114,583.332253790899,175.7005594954812,0,164.303230747437,1052.402521885296
16,164.303173857114,556.5586319494199,175.743672666142,0,164.303230747437,1112.244714240759
17,164.303173857114,527.524091097033,175.7821965375038,0,164.303230747437,1172.38624937919
18,164.303173857114,496.1069828467616,175.8161153200578,0,164.303230747437,1232.37435293581
19,164.303173857114,462.1609695868281,175.8454488990244,0,164.303230747437,1292.716863865434
20,164.303173857114,425.5053923089852,175.8701443404464,0,164.303230747437,1353.085402838445
21,164.303173857114,385.9098601183468,175.8901619722866,0,164.303230747437,1412.48092959962
22,164.303173857114,343.069063381032,175.9055434870479,0,164.303230747437,1473.307197492546
23,164.303173857114,296.552018274896,175.916265160322,0,164.303230747437,1437.074817855673
24,164.303173857114,245.6831925410218,175.9222827219558,0,164.303230747437,1308.948778655687
25,164.303173857114,189.1188921212108,175.9235852956779,0,164.303230747437,1189.352872862491
26,164.303173857114,124.7082058535289,175.920227190402,0,164.303230747437,1076.809346067714
27,164.303173857114,50.81456718310079,175.9121724856214,0,164.303230747437,970.6311895064097
28,171.4309824129979,0,178.2296056241694,0,164.303230747437,817.4023976868903
29,182.8483148842518,0,187.125111887426,0,164.303230747437,394.2030320292008
30,192.5483396371406,0,196.0085813357237,0,174.4629349288328,0
31,201.1878287929873,0,204.2470791080025,0,191.8559125140108,0
32,209.0526510961201,0,211.837489287624,0,202.6423477203966,0
33,216.3231025761983,0,218.8796423701305,0,211.3857645687492,0
34,223.1074151829473,0,225.4600178835096,0,219.1748513830588,0
35,229.3932411138979,0,231.4959309781418,0,226.1217102915741,0
36,234.4704892920797,0,236.1960042912625,0,231.6253621316218,0
37,238.0183922746966,0,239.546149040226,0,235.1121975078757,0
38,240.6965241094469,0,242.038051305448,0,237.6633386179384,0
39,242.839853027671,0,244.0039683854482,0,239.6841759169028,0
40,244.6200572832896,0,245.6159435178776,0,241.3519493212178,0
41,246.0722841322905,0,246.9049526178047,0,242.6981083253584,0
42,247.1601974063834,0,247.8238542847581,0,243.6751628100878,0
43,247.8990972233442,0,248.3850638086173,0,244.2955794517185,0
44,248.388692977068,0,248.6955053100852,0,244.6664377649695,0
45,248.7386667529869,0,248.8690233269863,0,244.9015997246927,0
46,249.0212407707626,0,248.9783663652143,0,245.0731549186249,0
47,249.2712894813113,0,249.0564351529518,0,245.2146250954705,0
48,249.502167535737,0,249.1156741409424,0,245.3383970597289,0
49,249.7180438579271,0,249.1600425135512,0,245.4482173019123,0
50,249.9199341045632,0,249.1905834938126,0,245.5449839786826,0
51,250.1079517855078,0,249.2071565595248,0,245.6288119370913,0
52,250.2819961201843,0,249.2097617089738,0,245.6996376285888,0
53,250.4419301880768,0,249.1984164579408,0,245.7573695060696,0
54,250.5876206359762,0,249.1731243403066,0,245.8019202437488,0
55,250.7189448573994,0,249.1336912833942,0,245.8332874774112,0
56,250.8357913318173,0,249.080073219701,0,245.8673953489638,0
57,250.938058905488,0,249.012290192934,0,245.921258721456,0
58,251.0256562787701,0,248.9303683714245,0,245.9934039196958,0
59,251.0985015793928,0,248.8342094707845,0,246.0788997511049,0
60,251.1565219343167,0,248.723786061526,0,246.1726745118385,0
61,251.1996530785009,0,248.5991398160055,0,246.2703432435768,0
62,251.2278389918224,0,248.4603189288716,0,246.368335687874,0
63,251.2410315641646,0,248.3072773237465,0,246.4638299470056,0
64,251.2391903207008,0,248.1400202995411,0,246.5546259180514,0
65,251.2222821681143,0,247.9586120054546,0,246.6390102823166,0
66,251.1902811714587,0,247.7631191217468,0,246.7156386694547,0
67,251.1431683659854,0,247.5535238932315,0,246.783444092431,0
68,251.0809315961507,0,247.3298751709977,0,246.8416288781522,0
69,251.0035653938931,0,247.0922604984464,0,246.8894902364226,0
70,250.9110708914827,0,246.8407531627779,0,246.9265134025148,0
71,250.8034557073237,0,246.5753637998644,0,246.952245265429,0
72,250.6807337478294,0,246.2961891225532,0,246.9663391710287,0
73,250.5429250073956,0,246.0033403721024,0,246.9684886475093,0
74,250.3900554980912,0,245.6968651591715,0,246.9584461422479,0
75,250.2221572705616,0,245.3768445739651,0,246.9359949891337,0
76,250.0392684296777,0,245.0434097089739,0,246.9009700081951,0
77,249.8414330858101,0,244.6966545600327,0,246.8532199417832,0
78,249.6287012618911,0,244.336656326413,0,246.7926203192125,0
79,249.4011288106381,0,243.9635605422939,0,246.7190757243019,0
80,249.158777369796,0,243.5774893444965,0,246.6325029873142,0
81,248.9017143576987,0,243.1785335535893,0,246.5328316631826,0
82,248.6300130086356,0,242.7668610766022,0,246.4200118449801,0
83,248.3437524540409,0,242.3425960956663,0,246.2940166752988,0
84,248.0430178514173,0,241.905867851162,0,246.1548038377441,0
85,247.7279005174847,0,241.4568606268546,0,246.0023694547145,0
86,247.3984979078312,0,240.9956976217765,0,245.8367272796172,0
87,247.0549131737174,0,240.5225597632621,0,245.6578571320515,0
88,246.6972541899653,0,240.0376206944612,0,245.4658083614784,0
89,246.3256325201708,0,239.5410383831026,0,245.2605724644228,0
90,245.9401630703848,0,239.0330119971856,0,245.0422161628964,0
91,245.5409644979763,0,238.5136953730931,0,244.8107396189938,0
92,245.1281598782846,0,237.9832990912755,0,244.5662258266956,0
93,244.7018772238308,0,237.4419717083223,0,244.3086896070377,0
94,244.2622497601995,0,236.8898974824229,0,244.038211889101,0
95,243.8094160181855,0,236.3271675370904,0,243.7548558753314,0
96,243.343519727181,0,235.75383491186,0,243.4586715930466,0
97,242.8647087987227,0,235.169762613789,0,243.1497722211345,0
98,242.373128481677,0,234.5745437809232,0,242.8282027491506,0
99,241.8688817823832,0,233.967221067238,0,242.4940245731389,0
100,241.3518388623478,0,233.3459069597881,0,242.1471130279216,0
101,240.820905932517,0,232.7064531104994,0,241.7864342624478,0
102,240.2719504660903,0,232.0393042044725,0,241.4081607026324,0
103,239.6940986249105,0,231.3228609562315,0,241.001563685835,0
104,239.0677665600927,0,230.5132635216185,0,240.5464415095122,0
105,238.3698577276528,0,229.5608728704609,0,240.0195089537123,0
106,237.5762721840353,0,228.4869185230193,0,239.3970051261013,0
107,236.6610409872638,0,227.2651188902825,0,238.6540722016553,0
108,235.5952753492759,0,225.8668057225753,0,237.765328907741,0
109,234.3464088601434,0,224.2693913195536,0,236.7077781854494,0
110,232.8775242908659,0,222.465807731243,0,235.4676552913988,0
111,231.1466192009547,0,220.4823556424303,0,234.0549835579586,0
112,229.1481231059887,0,218.4059121549705,0,232.5266171355802,0
113,227.0898944644171,0,216.3061088724233,0,230.8927851324929,0
114,225.0041280986774,0,214.1879193241778,0,229.050713545483,0
115,222.8920905190724,0,212.0534045217293,0,227.1347829714955,0
116,220.7547278443879,0,209.9048258713244,0,225.192241133916,0
117,218.5929746405336,0,207.7447818951817,0,223.2239170854825,0
118,216.407765746966,0,205.5762831799703,0,221.2306353729576,0
119,214.2000428865262,0,203.4028242173376,0,219.2132785926671,0
120,211.9707598249715,0,201.2284866819699,0,217.1727885978506,0
121,209.7208865998254,0,199.0579662476343,0,215.1100224481436,0
122,207.4514131508314,0,196.8965569146029,0,213.0258533183663,0
123,205.1633526397093,0,194.7497178307887,0,210.9212369676426,0
124,202.8577445826342,0,192.6220101320984,0,208.7972229391302,0
125,200.5356579004415,0,190.5131430177112,0,206.6547573641673,0
126,198.1981940734641,0,188.403515172111,0,204.4948113637711,0
127,195.8464904859848,0,186.2821658773178,0,202.3184422900895,0
128,193.4817239888772,0,184.1501826794811,0,200.1268946942522,0
129,191.1051148240984,0,182.0086942170526,0,197.9212530202495,0
130,188.7179310371998,0,179.8588745052996,0,195.7026190294389,0
131,186.3214934692592,0,177.701947766088,0,193.4721783612013,0
132,183.917181786267,0,175.5391940589494,0,191.2315174641943,0
133,181.506446856638,0,173.3719585293724,0,188.9819153289291,0
134,179.090891200741,0,171.2016993598629,0,186.724613922513,0
135,176.6730142062368,0,169.0304601251996,0,184.4616054050762,0
136,174.2617764008326,0,166.7977522059496,0,182.2005129039155,0
137,171.895253260735,0,164.303230747437,159.0244968108167,179.9768661414622,0
138,169.5361722352875,0,164.303230747437,420.2952353107766,177.8783825918196,0
139,164.303173857114,217.5193175665243,164.303230747437,652.3727728930152,174.5592005802156,0
140,164.303173857114,311.779577736478,164.303230747437,722.9325187268333,174.4449663709104,0
141,164.303173857114,383.1183687972863,164.303230747437,781.7564067515503,174.3269108046894,0
142,164.303173857114,449.2100353240712,164.303230747437,834.7766973682086,174.2047050114111,0
143,164.303173857114,514.5875360406085,164.303230747437,882.9608342691321,174.0783731109957,0
144,164.303173857114,578.2583923759324,164.303230747437,927.7548049376563,173.9479799358461,0
145,164.303173857114,639.905511481191,164.303230747437,969.7655916604973,173.8134105282226,0
146,164.303173857114,701.4536054090328,164.303230747437,1009.672560697079,173.6747073123149,0
147,164.303173857114,761.5131619338147,164.303230747437,1046.877740936814,173.5319685803533,0
148,164.303173857114,820.5056933638854,164.303230747437,1083.729364896926,173.3852881020856,0
149,164.303173857114,879.4915997007736,164.303230747437,1118.581634485696,173.2346300832041,0
150,164.303173857114,936.9283072430387,164.303230747437,1151.88899755507,173.0800274689022,0
151,164.303173857114,993.2154660340369,164.303230747437,1184.090880197409,172.9215744486905,0
152,164.303173857114,1048.174421062439,164.303230747437,1215.275402157362,172.7593632009963,0
153,164.303173857114,1101.425860391932,164.303230747437,1246.136085435592,172.5933860430158,0
154,164.303173857114,1153.194021906206,164.303230747437,1276.002372307143,172.4236842492327,0
155,164.303173857114,1201.833408788975,164.303230747437,1304.685967863408,172.2503510855674,0
156,164.303173857114,1246.15826213311,164.303230747437,1332.544896664397,172.0734755389278,0
157,164.303173857114,1287.295871379465,164.303230747437,1359.594156993024,171.8930578946042,0
158,164.303173857114,1325.84512347534,164.303230747437,1385.841671527841,171.7091620022522,0
159,164.303173857114,1362.079541249195,164.303230747437,1411.288296244296,171.5218840655881,0
160,164.303173857114,1396.164333179179,164.303230747437,1435.927706184507,171.3313003157482,0
161,164.303173857114,1428.20599674861,164.303230747437,1459.746509509168,171.1374213804085,0
162,164.303173857114,1458.273710145651,164.303230747437,1482.72430166757,170.9403395076002,0
163,164.303173857114,1486.410425926232,164.303230747437,1504.833791218805,170.7401561775859,0
164,164.303173857114,1512.637446749687,164.303230747437,1526.040084028614,170.5369050672424,0
165,164.303173857114,1536.951692720649,164.303230747437,1546.297712018546,170.3306503514946,0
166,164.303173857114,1559.312931266258,164.303230747437,1565.538975561106,170.1215012194918,0
167,164.303173857114,1579.77005049128,164.303230747437,1583.845477561999,169.9095246029426,0
168,164.303173857114,1598.486360916679,164.303230747437,1600.946157794611,169.6947684882385,0
169,164.303173857114,1615.326491472274,164.303230747437,1616.858439510816,169.4773438582828,0
170,164.303173857114,1630.437622263291,164.303230747437,1631.539051022882,169.2573341149787,0
171,164.303173857114,1644.066953917096,164.303230747437,1644.948594023646,169.0347884938028,0
172,164.303173857114,1656.34347657545,164.303230747437,1657.05042179393,168.8098288770504,0
173,164.303173857114,1667.243366500558,164.303230747437,1667.809845932861,168.5825287167823,0
174,164.303173857114,1676.743267541217,164.303230747437,1677.195162098272,168.3529635245607,0
175,164.303173857114,1684.821589919211,164.303230747437,1685.176204745258,164.303230747437,278.2221271785277
176,164.303173857114,1691.45911061206,164.303230747437,1691.726147615219,164.303230747437,356.9160268501529
177,164.303173857114,1696.639381147763,164.303230747437,1696.819734545476,164.303230747437,413.8135223648396
178,164.303173857114,1700.351570367231,164.303230747437,1700.434951908149,164.303230747437,488.993550294446
179,164.303173857114,1702.630927156608,164.303230747437,1702.576464006628,164.303230747437,541.048528511542
180,164.303173857114,1704.229212096359,164.303230747437,1703.837361197671,164.303230747437,603.1422690602072
