loop:1,season:59345225,P_air:0.04943964389504892,P_ice:0.01102516403765819,P_rego:0.03953519206729288,T_sub:164.3026617882004
0,164.3026617882004,771.2742102236109,174.5186569882529,0,164.3027186897253,397.9533750661897
1,164.3026617882004,768.6536106639136,174.6264087807879,0,164.3027186897253,437.4895827027597
2,164.3026617882004,765.8712433289326,174.7300290541208,0,164.3027186897253,478.6322129910797
3,164.3026617882004,761.5829383781387,174.8295315054845,0,164.3027186897253,519.1247790636478
4,164.3026617882004,755.6472657049906,174.9249292436533,0,164.3027186897253,558.5837142895117
5,164.3026617882004,748.0642282105866,175.0161952230504,0,164.3027186897253,597.6561581013051
6,164.3026617882004,738.8621354488869,175.1032700663229,0,164.3027186897253,635.4022905403325
7,164.3026617882004,728.075418208044,175.186143603105,0,164.3027186897253,672.4022821280673
8,164.3026617882004,715.7407208702458,175.264739164572,0,164.3027186897253,708.3661025640903
9,164.3026617882004,701.8983203799714,175.3390274410521,0,164.3027186897253,743.5227034134764
10,164.3026617882004,686.5940897640255,175.4089854690839,0,164.3027186897253,779.2936903804822
11,164.3026617882004,669.7258065445753,175.4745308021256,0,164.3027186897253,826.6743016820184
12,164.3026617882004,651.0630480002451,175.5356658483188,0,164.3027186897253,879.6862616065559
13,164.3026617882004,630.4993310621622,175.5923548574313,0,164.3027186897253,936.2913590475653
14,164.3026617882004,607.9522118758691,175.6445329449188,0,164.3027186897253,994.0168999793412
15,164.3026617882004,583.3388484760658,175.6922012224382,0,164.3027186897253,1052.252189013521
16,164.3026617882004,556.5682736184598,175.7353436411576,0,164.3027186897253,1112.094381368984
17,164.3026617882004,527.5368820887122,175.7738998265069,0,164.3027186897253,1172.236185670397
18,164.3026617882004,496.1229956991204,175.8078539717191,0,164.3027186897253,1232.225232533019
19,164.3026617882004,462.1802543360221,175.8372260065025,0,164.3027186897253,1292.56941721075
20,164.3026617882004,425.5279815139112,175.8619629047235,0,164.3027186897253,1352.940528540451
21,164.3026617882004,385.9357724432116,175.8820249229236,0,164.3027186897253,1412.339566786214
22,164.3026617882004,343.0983062223702,175.8974538274809,0,164.3027186897253,1473.170407436019
23,164.3026617882004,296.5845897330254,175.908225844734,0,164.3027186897253,1436.943776607752
24,164.3026617882004,245.71908292884,175.9142966142086,0,164.3027186897253,1308.823797569704
25,164.3026617882004,189.1580851386813,175.9156552268878,0,164.3027186897253,1189.233944216047
26,164.3026617882004,124.7506795157031,175.9123560746579,0,164.3027186897253,1076.696460294777
27,164.3026617882004,50.8778773617798,175.9043631514944,0,164.3027186897253,970.524335200231
28,171.4182632218447,0,178.2142513658395,0,164.3027186897253,817.5025576891755
29,182.8379567686827,0,187.107093572338,0,164.3027186897253,394.6314257770147
30,192.5391248615021,0,195.9907514116936,0,174.4361498173494,0
31,201.179640833502,0,204.2300370633087,0,191.8458879414934,0
32,209.0453831524715,0,211.8213524130803,0,202.6382954616857,0
33,216.3166729965005,0,218.8644099637771,0,211.3849415860873,0
34,223.1017674790282,0,225.44566694027,0,219.1763253563117,0
35,229.3884011025421,0,231.48277162246,0,226.1247746202166,0
36,234.4678660760874,0,236.1850316867496,0,231.6299137153187,0
37,238.0173657411207,0,239.5369157253032,0,235.1179736682674,0
38,240.6966570884719,0,242.0301058518121,0,237.6697077348542,0
39,242.8408742884612,0,243.9970412405879,0,239.6908514831408,0
40,244.621788785383,0,245.6098622152731,0,241.3587537510603,0
41,246.0745587269418,0,246.8995550559881,0,242.704875709841,0
42,247.1628100929377,0,247.8189338343034,0,243.6816821934848,0
43,247.9018468469546,0,248.380415925811,0,244.3016423388908,0
44,248.3914450228484,0,248.6909973951223,0,244.6719082132721,0
45,248.7413552304951,0,248.8645935171856,0,244.9064128315776,0
46,249.0238404272764,0,248.9739944132466,0,245.0772861942955,0
47,249.2737925577286,0,249.0521158967291,0,245.2180667869339,0
48,249.5045721465218,0,249.1114077948319,0,245.3411469311223,0
49,249.7203497103762,0,249.1558310712485,0,245.4502746933504,0
50,249.9221412559206,0,249.1864294843254,0,245.5463487143882,0
51,250.1100603524439,0,249.2030619101597,0,245.6294840821472,0
52,250.2840062259938,0,249.2057284127515,0,245.6996174468782,0
53,250.4438419575725,0,249.1944466698934,0,245.7566574563186,0
54,250.5894341978324,0,249.1692203374069,0,245.8005169811222,0
55,250.7206603470226,0,249.1298550033219,0,245.8311940230259,0
56,250.8374088937069,0,249.0763065737683,0,245.8646485634122,0
57,250.9395786951199,0,249.0085951888207,0,245.9179337162993,0
58,251.0270784643031,0,248.9267471075748,0,245.9895728352275,0
59,251.0998263432321,0,248.8306638405452,0,246.0746240330612,0
60,251.1577494745054,0,248.7203178933006,0,246.1680045810879,0
61,251.2007836099589,0,248.5957510101918,0,246.2653200100464,0
62,251.228872747441,0,248.4570114559786,0,246.3629923501949,0
63,251.2419687957603,0,248.30405299848,0,246.4581936448265,0
64,251.2400312998681,0,248.1368808799772,0,246.5487191026978,0
65,251.2230271869771,0,247.9555593093365,0,246.6328517869435,0
66,251.190930543334,0,247.7601550176821,0,246.7092445169157,0
67,251.1437224259768,0,247.550650098432,0,246.776828099356,0
68,251.0813907016812,0,247.327093385944,0,246.8348032412668,0
69,251.0039299251991,0,247.0895724795911,0,246.8824657302896,0
70,250.9113412520939,0,246.838160677437,0,246.9192997849592,0
71,250.8036323245112,0,246.5728684734918,0,246.9448514014788,0
72,250.6808170729527,0,246.2937926178491,0,246.9587732569959,0
73,250.5429155161401,0,246.0010444090483,0,246.9607582876653,0
74,250.3899536906895,0,245.6946713610454,0,246.9505584673356,0
75,250.2219636720593,0,245.3747545297898,0,246.9279567123334,0
76,250.0389835902337,0,245.0414250728122,0,246.8927875269376,0
77,249.8410575809822,0,244.6947769563033,0,246.8448993558926,0
78,249.6282356928778,0,244.3348873006533,0,246.7841674778402,0
79,249.4005738044843,0,243.9619017018364,0,246.7104962780191,0
80,249.1581335795883,0,243.5759422948361,0,246.6238024027868,0
81,248.9009824627713,0,243.1770998171619,0,246.5240152388884,0
82,248.62919371481,0,242.7655422531449,0,246.4110847442489,0
83,248.3428464939231,0,242.3413937532533,0,246.2849839647837,0
84,248.042025984788,0,241.9047835257983,0,246.1456704398298,0
85,247.7268235317989,0,241.4558959332993,0,245.9931402197907,0
86,247.3973366187588,0,240.9948541056504,0,245.8274070119881,0
87,247.0536684254627,0,240.5218390187374,0,245.6484505016392,0
88,246.6959268549878,0,240.0370243387403,0,245.4563200477029,0
89,246.3242234982297,0,239.5405680139776,0,245.2510070178966,0
90,245.9386732873928,0,239.0326692779861,0,245.0325781642531,0
91,245.5393949051674,0,238.5134819241626,0,244.8010335210292,0
92,245.1265114518262,0,237.9832166078807,0,244.5564561283103,0
93,244.7001509647548,0,237.4420218130662,0,244.2988606897644,0
94,244.260446694492,0,236.8900817950488,0,244.0283281524121,0
95,243.8075371969444,0,236.327487457064,0,243.7449216849392,0
96,243.3415662268269,0,235.754291523874,0,243.4486912395085,0
97,242.8626817213577,0,235.1703562563882,0,243.1397500502387,0
98,242.3710289554628,0,234.5752734486739,0,242.8181430109891,0
99,241.8667109566362,0,233.9680832535617,0,242.4839315256844,0
100,241.3495978513508,0,233.3468939714734,0,242.1369909071526,0
101,240.818595463728,0,232.7075496357496,0,241.776286859916,0
102,240.2695694039858,0,232.0404803291424,0,241.3979902027495,0
103,239.6916399351511,0,231.3240565631404,0,240.9913665237443,0
104,239.0652113925958,0,230.5143532044692,0,240.5362017804089,0
105,238.3671738298831,0,229.5619646030319,0,240.0091973944633,0
106,237.5734138191756,0,228.4880251898563,0,239.3865797244642,0
107,236.6579479083826,0,227.2661445362471,0,238.6434788646506,0
108,235.5918711152164,0,225.8676060746874,0,237.7545051604082,0
109,234.3425987560946,0,224.2698287756125,0,236.6966646131942,0
110,232.8731928924337,0,222.4657748703939,0,235.4562233666104,0
111,231.1416214449059,0,220.4818585500254,0,234.0432971348156,0
112,229.1427569380592,0,218.4051112783349,0,232.5148757302068,0
113,227.0845087513147,0,216.3049328433425,0,230.8808645008588,0
114,224.9987297334499,0,214.1863460108176,0,229.0387195011524,0
115,222.8866821192264,0,212.0514478534742,0,227.1228589632906,0
116,220.749312026616,0,209.9025023362001,0,225.1803921411456,0
117,218.5875540585321,0,207.7421111755802,0,223.2121480260906,0
118,216.4023430895339,0,205.573288905755,0,221.2189510913507,0
119,214.1946208761803,0,203.399534839309,0,219.2016839509293,0
120,211.9653412173034,0,201.2249365256006,0,217.1612885605758,0
121,209.7154741834707,0,199.0541966087946,0,215.098621896796,0
122,207.4460097479559,0,196.8926171205748,0,213.0145570441368,0
123,205.1579611069789,0,194.7456655035734,0,210.9100497803377,0
124,202.8523678126336,0,192.6179095022582,0,208.7861497913339,0
125,200.5302988235088,0,190.5090560024203,0,206.6438031097111,0
126,198.1928556599627,0,188.3994660069393,0,204.483980745774,0
127,195.8411757490421,0,186.2781568578114,0,202.3077400354335,0
128,193.4764359875951,0,184.1462161285463,0,200.1163257867802,0
129,191.099856667284,0,182.004772487781,0,197.9108223323066,0
130,188.7127058876838,0,179.854999984273,0,195.6923312705402,0
131,186.3163045488249,0,177.6981228771967,0,193.4620381401219,0
132,183.9120323806493,0,175.5354212674575,0,191.2215299206159,0
133,181.501340313597,0,173.3682403422725,0,188.9720854492454,0
134,179.0858308564096,0,171.1980382798892,0,186.7149462161816,0
135,176.6680028438467,0,169.0268582269592,0,184.4521037789124,0
136,174.2568148801786,0,166.7940860129695,0,182.1911801887758,0
137,171.8903633069911,0,164.3027186897253,159.0883600795634,179.967706580531,0
138,169.5317617152986,0,164.3027186897253,420.2925305273516,177.8696225867654,0
139,164.3026617882004,217.5070805513805,164.3027186897253,652.2224400212398,174.55340531235,0
140,164.3026617882004,311.7502694362613,164.3027186897253,722.7821858550579,174.4392879845479,0
141,164.3026617882004,383.0847876098643,164.3027186897253,781.606073879775,174.3213522392698,0
142,164.3026617882004,449.1721559575659,164.3027186897253,834.6263644964332,174.1992685026936,0
143,164.3026617882004,514.5453352315774,164.3027186897253,882.8105013973567,174.0730608335942,0
144,164.3026617882004,578.2118489771178,164.3027186897253,927.6044720658809,173.9427940747205,0
145,164.3026617882004,639.8546065604369,164.3027186897253,969.6152587887219,173.8083529469612,0
146,164.3026617882004,701.3983223615206,164.3027186897253,1009.522227825303,173.6697798380514,0
147,164.3026617882004,761.4534866102521,164.3027186897253,1046.727408065039,173.527173103076,0
148,164.3026617882004,820.4416142179007,164.3027186897253,1083.579032025151,173.3806265635426,0
149,164.3026617882004,879.4231079595568,164.3027186897253,1118.431301613921,173.2301042371772,0
150,164.3026617882004,936.8553971062938,164.3027186897253,1151.738664683295,173.075639004164,0
151,164.3026617882004,993.138134907631,164.3027186897253,1183.940547325634,172.9173250982923,0
152,164.3026617882004,1048.092669834888,164.3027186897253,1215.125069285587,172.7552547359178,0
153,164.3026617882004,1101.339693764184,164.3027186897253,1245.985752563817,172.5894200869115,0
154,164.3026617882004,1153.103448788324,164.3027186897253,1275.852039435368,172.4198623653701,0
155,164.3026617882004,1201.738442781582,164.3027186897253,1304.535634991632,172.2466748693544,0
156,164.3026617882004,1246.058922117396,164.3027186897253,1332.394563792622,172.0699466075791,0
157,164.3026617882004,1287.192182247883,164.3027186897253,1359.443824121249,171.8896777224628,0
158,164.3026617882004,1325.737117047084,164.3027186897253,1385.691338656066,171.7059320346102,0
159,164.3026617882004,1361.96725743204,164.3027186897253,1411.137963372521,171.5188057754757,0
160,164.3026617882004,1396.047821465543,164.3027186897253,1435.777373312732,171.3283751650769,0
161,164.3026617882004,1428.085318174188,164.3027186897253,1459.596176637393,171.1346506977118,0
162,164.3026617882004,1458.148939903523,164.3027186897253,1482.573968795795,170.9377246350566,0
163,164.3026617882004,1486.281656936449,164.3027186897253,1504.68345834703,170.7376984857087,0
164,164.3026617882004,1512.504794670829,164.3027186897253,1525.889751156839,170.5346058287398,0
165,164.3026617882004,1536.815303235539,164.3027186897253,1546.147379146771,170.3285107949463,0
166,164.3026617882004,1559.172991168966,164.3027186897253,1565.388642689331,170.1195226096209,0
167,164.3026617882004,1579.626805666432,164.3027186897253,1583.695144690224,169.9077081613399,0
168,164.3026617882004,1598.340148460501,164.3027186897253,1600.795824922835,169.6931153567697,0
169,164.3026617882004,1615.177807854486,164.3027186897253,1616.708106639041,169.475855212396,0
170,164.3026617882004,1630.287352170353,164.3027186897253,1631.388718151107,169.256011111422,0
171,164.3026617882004,1643.916620930873,164.3027186897253,1644.798261151871,169.03363220635,0
172,164.3026617882004,1656.193143589227,164.3027186897253,1656.900088922155,168.8088404276137,0
173,164.3026617882004,1667.093033514335,164.3027186897253,1667.659513061086,168.5817091851591,0
174,164.3026617882004,1676.592934554993,164.3027186897253,1677.044829226497,168.3523139505677,0
175,164.3026617882004,1684.671256932987,164.3027186897253,1685.025871873483,164.3027186897253,278.217858843457
176,164.3026617882004,1691.308777625836,164.3027186897253,1691.575814743444,164.3027186897253,356.9062248049113
177,164.3026617882004,1696.489048161539,164.3027186897253,1696.669401673701,164.3027186897253,413.7981438023762
178,164.3026617882004,1700.201237381008,164.3027186897253,1700.284619036373,164.3027186897253,488.9725541063706
179,164.3026617882004,1702.480594170385,164.3027186897253,1702.426131134853,164.3027186897253,541.0218753006479
180,164.3026617882004,1704.078879110136,164.3027186897253,1703.687028325896,164.3027186897253,603.1099211524714
