loop:1,season:59345410,P_air:0.04943996988751215,P_ice:0.0110252392769181,P_rego:0.03953479083556975,T_sub:164.3027186897253
0,164.3027186897253,771.2744628512021,174.5192379782075,0,164.3027755900053,397.9700787694763
1,164.3027186897253,768.6538657970852,174.6269859406559,0,164.3027755900053,437.5062864060462
2,164.3027186897253,765.8715059780824,174.7306021255401,0,164.3027755900053,478.6489166943663
3,164.3027186897253,761.5832135513748,174.8301002221513,0,164.3027755900053,519.1414827669344
4,164.3027186897253,755.6475584066063,174.9254933317767,0,164.3027755900053,558.6004179927983
5,164.3027186897253,748.064543439536,175.0167544098409,0,164.3027755900053,597.6728618045917
6,164.3027186897253,738.8624781972618,175.1038240868937,0,164.3027755900053,635.4189942436191
7,164.3027186897253,728.0757934595536,175.1866921908232,0,164.3027755900053,672.4189858313539
8,164.3027186897253,715.7411335986986,175.2652820648983,0,164.3027755900053,708.3828062673768
9,164.3027186897253,701.89877554776,175.3395644022695,0,164.3027755900053,743.539407116763
10,164.3027186897253,686.5945855126462,175.4095162413523,0,164.3027755900053,779.3103940837688
11,164.3027186897253,669.7261786843286,175.4750551499001,0,164.3027755900053,826.6910053853049
12,164.3027186897253,651.0632029785739,175.5361835334699,0,164.3027755900053,879.7029653098425
13,164.3027186897253,630.4992185661365,175.5928656473357,0,164.3027755900053,936.3080627508518
14,164.3027186897253,607.9517993050392,175.6450366187192,0,164.3027755900053,994.0336036826278
15,164.3027186897253,583.3381133539788,175.6926975579929,0,164.3027755900053,1052.268892716808
16,164.3027186897253,556.5672000176339,175.7358324188704,0,164.3027755900053,1112.11108507227
17,164.3027186897253,527.535458629412,175.7743808386718,0,164.3027755900053,1172.252620210701
18,164.3027186897253,496.1212143149112,175.8083270138199,0,164.3027755900053,1232.241064386922
19,164.3027186897253,462.178109462149,175.8376908703059,0,164.3027755900053,1292.584646643827
20,164.3027186897253,425.5254695286037,175.8624193934348,0,164.3027755900053,1352.95515600178
21,164.3027186897253,385.9328912693524,175.8824728488374,0,164.3027755900053,1412.353592908236
22,164.3027186897253,343.0950550354179,175.8978929957811,0,164.3027755900053,1473.183833034353
23,164.3027186897253,296.5809687418312,175.9086560671444,0,164.3027755900053,1436.95660268094
24,164.3027186897253,245.7150932079051,175.9147177135164,0,164.3027755900053,1308.836025298909
25,164.3027186897253,189.1537284975853,175.9160670304981,0,164.3027755900053,1189.245574964695
26,164.3027186897253,124.7459583959332,175.9127584016825,0,164.3027755900053,1076.707495608139
27,164.3027186897253,50.87084264996322,175.9047558314448,0,164.3027755900053,970.5347768049533
28,171.4196768598835,0,178.2154794154527,0,164.3027755900053,817.4900916069661
29,182.8391079342705,0,187.1086155762528,0,164.3027755900053,394.5825632907687
30,192.5401489834815,0,195.9922502201216,0,174.4392574499664,0
31,201.1805508525436,0,204.2314461499521,0,191.8471234113865,0
32,209.0461909363667,0,211.8226588741212,0,202.6388583886535,0
33,216.3173876184332,0,218.8656140190414,0,211.3851369586284,0
34,223.1023952164312,0,225.4467712923642,0,219.1762568132865,0
35,229.3889390963526,0,231.4837421599674,0,226.1245207095282,0
36,234.4681577750479,0,236.1857577453202,0,231.6294859071157,0
37,238.0174799836871,0,239.5374471717961,0,235.117401156877,0
38,240.6966424613619,0,242.030493009634,0,237.6690607125974,0
39,242.840760935609,0,243.9973142186761,0,239.6901617747324,0
40,244.6215964935371,0,245.610040332501,0,241.3580410771337,0
41,246.0743060725515,0,246.8996564795654,0,242.7041584958673,0
42,247.1625198598592,0,247.8189816809908,0,243.680983874629,0
43,247.9015413917638,0,248.380433080873,0,244.3009860796181,0
44,248.3911392954228,0,248.6909987477291,0,244.6713091168053,0
45,248.7410565647777,0,248.8645860947408,0,244.9058781082629,0
46,249.0235516296855,0,248.9739806180154,0,245.07681856573,0
47,249.2735144905301,0,249.0520964545931,0,245.2176671173235,0
48,249.5043050192436,0,249.1113828341115,0,245.3408154741922,0
49,249.7200935555379,0,249.1558005223815,0,245.4500115303319,0
50,249.9218960671543,0,249.1863932180801,0,245.5461538753532,0
51,250.1098261167781,0,249.2030198640243,0,245.6293575730357,0
52,250.2837829297209,0,249.2056805166532,0,245.6995592541678,0
53,250.4436295868159,0,249.1943928354412,0,245.7566675474594,0
54,250.5892327382864,0,249.1691604623027,0,245.800595304354,0
55,250.7204697836333,0,249.1297890226135,0,245.8313404885184,0
56,250.83722921041,0,249.0762344249998,0,245.8648590978525,0
57,250.9394098746313,0,249.0085167983363,0,245.9181999946746,0
58,251.0269204879295,0,248.9266623910966,0,245.9898868656009,0
59,251.099679190697,0,248.8305727360337,0,246.0749790155551,0
60,251.1576131237949,0,248.720220345322,0,246.1683949446112,0
61,251.2006580371838,0,248.5956469546421,0,246.2657412439029,0
62,251.2287579267151,0,248.4569008202486,0,246.3634408039128,0
63,251.2418646990947,0,248.3039357265373,0,246.4586663443733,0
64,251.2399378970764,0,248.1367569212914,0,246.5492135980208,0
65,251.2229444455918,0,247.9554286059005,0,246.6333660329318,0
66,251.1908584285328,0,247.7600175049475,0,246.7097767835332,0
67,251.1436609005167,0,247.550505727761,0,246.7773769044391,0
68,251.0813397258394,0,247.3269421095883,0,246.835367285297,0
69,251.0038894567179,0,247.0894142425631,0,246.8830438743831,0
70,250.9113112461278,0,246.837995422484,0,246.919891005757,0
71,250.8036127335766,0,246.5726961580399,0,246.945454777343,0
72,250.6808078468898,0,246.2936131940405,0,246.9593879430675,0
73,250.5429166020863,0,246.0008578214713,0,246.9613835073163,0
74,250.3899650330547,0,245.6944775638192,0,246.9511934989665,0
75,250.2219852124968,0,245.3745534795783,0,246.9286008831272,0
76,250.0390152676063,0,245.0412167177396,0,246.8934402015134,0
77,249.8410993313311,0,244.6945612464442,0,246.8455599342646,0
78,249.6282874493951,0,244.3346641934701,0,246.784835390174,0
79,249.4006354974906,0,243.9616711464929,0,246.711170978813,0
80,249.1582051365108,0,243.5757042392363,0,246.6244833692146,0
81,248.901063808121,0,243.1768542169451,0,246.5247019690254,0
82,248.629284770155,0,242.7652890538117,0,246.4117767533706,0
83,248.3429471778558,0,242.3411329022478,0,246.2856807810596,0
84,248.0421362128814,0,241.9045149725159,0,246.146371609589,0
85,247.7269432165515,0,241.4556196167242,0,245.9938452994546,0
86,247.3974656695339,0,240.9945699707685,0,245.8281155651599,0
87,247.0538067484536,0,240.5215470034111,0,245.6491621088947,0
88,246.6960743532485,0,240.0367243765115,0,245.4570342905572,0
89,246.3243800717809,0,239.5402600387543,0,245.2517234941556,0
90,245.9388388333498,0,239.0323532145593,0,245.0332964703168,0
91,245.539569317832,0,238.5131577002436,0,244.8017532694163,0
92,245.1266946227306,0,237.9828841409541,0,244.5571769282799,0
93,244.7003427826683,0,237.4416810267722,0,244.2995821654635,0
94,244.2606470454118,0,236.8897326113881,0,244.0290499277931,0
95,243.8077459640777,0,236.3271298205478,0,243.7456433894755,0
96,243.3417832905678,0,235.7539254120039,0,243.4494125127634,0
97,242.8629069592468,0,235.1699817276041,0,243.1404705273281,0
98,242.3712622421458,0,234.5748907088162,0,242.818862339332,0
99,241.8669521644081,0,233.9676927845435,0,242.4846493534459,0
100,241.3498468563999,0,233.3464967187104,0,242.137706886525,0
101,240.8188521852276,0,232.707147389809,0,241.7770006940355,0
102,240.2698339681442,0,232.0400765023373,0,241.3987017748562,0
103,239.6919131237542,0,231.3236579242993,0,240.9920763575038,0
104,239.0654953006496,0,230.5139737807379,0,240.5369117724112,0
105,238.3674720419403,0,229.5615925012813,0,240.0099109273182,0
106,237.5737314184145,0,228.4876590093695,0,239.3873015989971,0
107,236.6582915906188,0,227.2658209161949,0,238.6442152254411,0
108,235.5922493760755,0,225.8673691225275,0,237.7552630842312,0
109,234.343022122118,0,224.2696850450886,0,236.6974508361774,0
110,232.8736741917624,0,222.4657255107351,0,235.4570411890853,0
111,231.1421768030949,0,220.4818915733879,0,234.0441395810186,0
112,229.1433531331278,0,218.4051960728714,0,232.5157207734593,0
113,227.0851071132402,0,216.3050631721492,0,230.8817261286583,0
114,224.9993294987358,0,214.1865205172226,0,229.0395858843764,0
115,222.8872829970943,0,212.0516649887269,0,227.1237144935666,0
116,220.749913726349,0,209.9027602670256,0,225.1812364081465,0
117,218.5881562853024,0,207.7424077134883,0,223.2129806272057,0
118,216.4029455446143,0,205.5736214232944,0,221.2197716329956,0
119,214.1952232570981,0,203.3999001729362,0,219.2024920383581,0
120,211.9659432179119,0,201.225330858503,0,217.1620837884035,0
121,209.7160754939526,0,199.0546153490446,0,215.0994038695972,0
122,207.4466100547696,0,196.8930547831434,0,213.0153253771952,0
123,205.1585600927502,0,194.7461156810502,0,210.9108040874926,0
124,202.8529651559986,0,192.6183650523545,0,208.786889671128,0
125,200.5308941989097,0,190.5095100401024,0,206.644528172204,0
126,198.1934487373958,0,188.3999158374233,0,204.4846906138265,0
127,195.841766193753,0,186.2786022260778,0,202.3084343341565,0
128,193.4770234597227,0,184.1466567765368,0,200.117004113109,0
129,191.1004408214454,0,182.0052081540846,0,197.9114842959284,0
130,188.7132863724947,0,179.8554304037592,0,195.6929764995567,0
131,186.316881006352,0,177.6985477805908,0,193.4626662740989,0
132,183.9126044458549,0,175.5358403808893,0,191.2221405402977,0
133,181.5019076145526,0,173.3686533872365,0,188.9726781525914,0
134,179.0863930224773,0,171.1984449783525,0,186.7155206543043,0
135,176.6685595658204,0,169.0272583484517,0,184.4526596699649,0
136,174.257366062745,0,166.7944932883158,0,182.1917173704262,0
137,171.8909065387356,0,164.3027755900053,159.0812703124759,179.9682247350876,0
138,169.5322516940179,0,164.3027755900053,420.2928365424044,177.8700967238987,0
139,164.3027186897253,217.5084420564496,164.3027755900053,652.2391437245263,174.55355061386,0
140,164.3027186897253,311.7535272497155,164.3027755900053,722.7988895583445,174.439420967115,0
141,164.3027186897253,383.0885201962043,164.3027755900053,781.6227775830615,174.3214727278472,0
142,164.3027186897253,449.1763661260988,164.3027755900053,834.6430681997198,174.1993764002318,0
143,164.3027186897253,514.55002556619,164.3027755900053,882.8272051006433,174.073156049544,0
144,164.3027186897253,578.2170218265226,164.3027755900053,927.6211757691675,173.9428765170371,0
145,164.3027186897253,639.8602640271768,164.3027755900053,969.6319624920085,173.8084225589456,0
146,164.3027186897253,701.404466289493,164.3027755900053,1009.53893152859,173.6698365666215,0
147,164.3027186897253,761.4601185704594,164.3027755900053,1046.744111768325,173.5272168876774,0
148,164.3027186897253,820.4487354920657,164.3027755900053,1083.595735728437,173.3806573373368,0
149,164.3027186897253,879.4307195211539,164.3027755900053,1118.448005317208,173.2301219536544,0
150,164.3027186897253,936.8634995984331,164.3027755900053,1151.755368386582,173.0756436234242,0
151,164.3027186897253,993.1467286170846,164.3027755900053,1183.957251028921,172.917316574848,0
152,164.3027186897253,1048.101754661354,164.3027755900053,1215.141772988874,172.7552330193547,0
153,164.3027186897253,1101.349269183627,164.3027755900053,1246.002456267103,172.5893851424449,0
154,164.3027186897253,1153.113513808877,164.3027755900053,1275.868743138654,172.4198141641323,0
155,164.3027186897253,1201.748995890021,164.3027755900053,1304.552338694919,172.2466133780617,0
156,164.3027186897253,1246.069961213555,164.3027755900053,1332.411267495909,172.069871789637,0
157,164.3027186897253,1287.203704563419,164.3027755900053,1359.460527824536,171.8895895562348,0
158,164.3027186897253,1325.7491190437,164.3027755900053,1385.708042359352,171.7058305007173,0
159,164.3027186897253,1361.979734672319,164.3027755900053,1411.154667075808,171.5186908504384,0
160,164.3027186897253,1396.060768446623,164.3027755900053,1435.794077016018,171.3282468255934,0
161,164.3027186897253,1428.09872811,164.3027755900053,1459.612880340679,171.1345089342112,0
162,164.3027186897253,1458.16280443415,164.3027755900053,1482.590672499081,170.9375694353072,0
163,164.3027186897253,1486.29596573124,164.3027755900053,1504.700162050316,170.7375298331431,0
164,164.3027186897253,1512.519534871153,164.3027755900053,1525.906454860125,170.5344237164403,0
165,164.3027186897253,1536.830458644622,164.3027755900053,1546.164082850057,170.3283152196351,0
166,164.3027186897253,1559.188541018918,164.3027755900053,1565.405346392618,170.119313562693,0
167,164.3027186897253,1579.64272261849,164.3027755900053,1583.71184839351,169.9074856376384,0
168,164.3027186897253,1598.356395031492,164.3027755900053,1600.812528626122,169.6928793586155,0
169,164.3027186897253,1615.194328829824,164.3027755900053,1616.724810342327,169.475605736948,0
170,164.3027186897253,1630.304049078389,164.3027755900053,1631.405421854394,169.2557481564525,0
171,164.3027186897253,1643.933324646879,164.3027755900053,1644.814964855158,169.0333557773531,0
172,164.3027186897253,1656.209847305233,164.3027755900053,1656.916792625442,168.8085505231877,0
173,164.3027186897253,1667.109737230341,164.3027755900053,1667.676216764373,168.5814058070051,0
174,164.3027186897253,1676.609638270999,164.3027755900053,1677.061532929784,168.3519971032152,0
175,164.3027186897253,1684.687960648993,164.3027755900053,1685.04257557677,164.3027755900053,278.2218748883381
176,164.3027186897253,1691.325481341842,164.3027755900053,1691.592518446731,164.3027755900053,356.9108033810235
177,164.3027186897253,1696.505751877545,164.3027755900053,1696.686105376988,164.3027755900053,413.8032886031506
178,164.3027186897253,1700.217941097013,164.3027755900053,1700.30132273966,164.3027755900053,488.9782686527611
179,164.3027186897253,1702.497297886391,164.3027755900053,1702.44283483814,164.3027755900053,541.0281629400581
180,164.3027186897253,1704.095582826142,164.3027755900053,1703.703732029182,164.3027755900053,603.1167850577352
