loop:1,season:5.934541e7,P_air:7.682465434480412e-2,P_ice:1.2618703167853074e-2,P_rego:4.055664248734282e-2,T_sub:168.18787493206008
0,168.1878749320600800,959.4429465743505000,168.1879183363510300,408.6305047895145300,168.1879183363510300,860.7713272036675000
1,168.1878749320600800,956.0860548480636000,168.1879183363510300,345.9163262526600400,168.1879183363510300,895.7620004954872000
2,168.1878749320600800,953.0964806098030000,168.1879183363510300,283.5313869798916400,168.1879183363510300,931.1307427903416000
3,168.1878749320600800,948.6840873738751000,168.1879183363510300,217.9575658405110800,168.1879183363510300,964.0045559803744000
4,168.1878749320600800,942.6292512879200000,168.1879183363510300,152.4136018508380300,168.1879183363510300,993.8828043749331000
5,168.1878749320600800,934.9103348885557000,168.1879183363510300,86.2375780364256600,168.1879183363510300,1019.6230405084759000
6,168.1878749320600800,925.5515229713700000,168.1879183363510300,18.0586124386024200,168.1879183363510300,1040.2552655067389000
7,168.1878749320600800,914.5884723846458000,174.0125747372880200,0.0000000000000000,168.1879183363510300,1057.4885379838160000
8,168.1878749320600800,902.0611665860592000,176.3394892338544400,0.0000000000000000,168.1879183363510300,1071.3711767784840000
9,168.1878749320600800,888.0139718962754000,177.1556256270626000,0.0000000000000000,168.1879183363510300,1082.2073985847644000
10,168.1878749320600800,872.4957871183796000,177.5422285812893000,0.0000000000000000,168.1879183363510300,1090.4848916822275000
11,168.1878749320600800,855.4273551020949000,177.7740289082267700,0.0000000000000000,168.1879183363510300,1105.7353789257510000
12,168.1878749320600800,836.5737395957581000,177.9404426104819400,0.0000000000000000,168.1879183363510300,1123.2790410060200000
13,168.1878749320600800,815.8270647011991000,178.0786099834634200,0.0000000000000000,168.1879183363510300,1140.9531068159047000
14,168.1878749320600800,793.1089663263984000,178.2020089728410700,0.0000000000000000,168.1879183363510300,1159.0811722113826000
15,168.1878749320600800,768.3418097730039000,178.3166630913948200,0.0000000000000000,168.1879183363510300,1176.3293773696234000
16,168.1878749320600800,741.4401607449412000,178.4247703841749300,0.0000000000000000,168.1879183363510300,1103.9497706162626000
17,168.1878749320600800,712.3058641965999000,178.5278795798993200,0.0000000000000000,168.1879183363510300,1036.1098320117880000
18,168.1878749320600800,680.8231274444416000,178.6264437448040200,0.0000000000000000,168.1879183363510300,973.7819418470426000
19,168.1878749320600800,646.8526718878621000,178.7207043889847000,0.0000000000000000,168.1879183363510300,916.3661093791691000
20,168.1878749320600800,610.2228758577036000,178.8107664330211400,0.0000000000000000,168.1879183363510300,865.1012095276297000
21,168.1878749320600800,570.7163093705377000,178.8966112813334600,0.0000000000000000,168.1879183363510300,822.3998821463808000
22,168.1878749320600800,528.0470690303486000,178.9782500032105000,0.0000000000000000,168.1879183363510300,781.3527085909994000
23,168.1878749320600800,481.8180204393023600,179.0556343945098700,0.0000000000000000,168.1879183363510300,741.7547922510612000
24,168.1878749320600800,431.4246089984939000,179.1287186571974800,0.0000000000000000,168.1879183363510300,703.5649709712837000
25,168.1878749320600800,375.7880792000887000,179.1974936565063700,0.0000000000000000,168.1879183363510300,667.0002403374001000
26,168.1878749320600800,312.5687889819621400,179.2618905538808500,0.0000000000000000,168.1879183363510300,631.9192254338811000
27,168.1878749320600800,243.8985127284388700,179.3218836626023500,0.0000000000000000,168.1879183363510300,598.3214713205330000
28,168.1878749320600800,171.7648634202232600,179.3774645061482700,0.0000000000000000,168.1879183363510300,566.2092046014486000
29,168.1878749320600800,96.8529007590855700,179.4285616000563600,0.0000000000000000,168.1879183363510300,535.4975004302055000
30,169.6282429711172000,0.0000000000000000,179.5773264971496000,0.0000000000000000,168.1879183363510300,504.2956295611668000
31,183.1276576776808400,0.0000000000000000,187.4364091101115800,0.0000000000000000,168.1879183363510300,243.7555243125651100
32,193.6169205011056500,0.0000000000000000,196.8246135051236600,0.0000000000000000,180.9780559768268500,0.0000000000000000
33,202.9715040334909300,0.0000000000000000,205.7350180708903600,0.0000000000000000,196.9055238856133800,0.0000000000000000
34,211.4622148996654000,0.0000000000000000,213.9781509377368700,0.0000000000000000,207.2530443913132700,0.0000000000000000
35,219.2927878969231000,0.0000000000000000,221.6301988725318500,0.0000000000000000,215.6384771782085500,0.0000000000000000
36,226.5872721509046000,0.0000000000000000,228.7892636403923600,0.0000000000000000,223.0651208263523000,0.0000000000000000
37,233.0508713405132500,0.0000000000000000,234.9219800075107400,0.0000000000000000,229.7761082299219300,0.0000000000000000
38,237.7106549059681400,0.0000000000000000,239.4027925138845500,0.0000000000000000,234.5592460904525200,0.0000000000000000
39,241.2685670174750800,0.0000000000000000,242.8130238777486300,0.0000000000000000,237.9565190747021600,0.0000000000000000
40,244.0914942472264200,0.0000000000000000,245.5125596758474600,0.0000000000000000,240.6204288864649000,0.0000000000000000
41,246.3292456106678000,0.0000000000000000,247.6379480745796700,0.0000000000000000,242.7212026425085300,0.0000000000000000
42,248.0276616551544000,0.0000000000000000,249.2207930512422300,0.0000000000000000,244.3122941630639000,0.0000000000000000
43,249.2359547879932200,0.0000000000000000,250.3044141016950200,0.0000000000000000,245.4371366934014700,0.0000000000000000
44,250.0524002818686000,0.0000000000000000,250.9915862534369000,0.0000000000000000,246.1940285810681200,0.0000000000000000
45,250.6000509754286400,0.0000000000000000,251.4116091831620600,0.0000000000000000,246.7072649637294100,0.0000000000000000
46,250.9862174432901700,0.0000000000000000,251.6743254920796000,0.0000000000000000,247.0823557941530200,0.0000000000000000
47,251.2836788929522000,0.0000000000000000,251.8519893406515300,0.0000000000000000,247.3880388480957300,0.0000000000000000
48,251.5334421177527000,0.0000000000000000,251.9841614667658700,0.0000000000000000,247.6610152107507800,0.0000000000000000
49,251.7554525402524300,0.0000000000000000,252.0896594262033300,0.0000000000000000,247.9177839672851200,0.0000000000000000
50,251.9582463639025300,0.0000000000000000,252.1762510641426300,0.0000000000000000,248.1644079151387800,0.0000000000000000
51,252.1450401318329900,0.0000000000000000,252.2467652510634400,0.0000000000000000,248.4024031015381000,0.0000000000000000
52,252.3168639409371000,0.0000000000000000,252.3021074297290600,0.0000000000000000,248.6316024605637600,0.0000000000000000
53,252.4739486111171800,0.0000000000000000,252.3426404098905000,0.0000000000000000,248.8513150675429400,0.0000000000000000
54,252.6162669290262700,0.0000000000000000,252.3683046328097200,0.0000000000000000,249.0608798439613500,0.0000000000000000
55,252.7437220625304500,0.0000000000000000,252.3789568677027300,0.0000000000000000,249.2596627813351200,0.0000000000000000
56,252.8562063777332300,0.0000000000000000,252.3744857975438000,0.0000000000000000,249.4471027467774600,0.0000000000000000
57,252.9536177627991800,0.0000000000000000,252.3551119119900600,0.0000000000000000,249.6227497597979300,0.0000000000000000
58,253.0358634202147200,0.0000000000000000,252.3206772512479000,0.0000000000000000,249.7862065756470700,0.0000000000000000
59,253.1028603413577700,0.0000000000000000,252.2709442057632100,0.0000000000000000,249.9371307233223300,0.0000000000000000
60,253.1545350168222800,0.0000000000000000,252.2058427440413000,0.0000000000000000,250.0752346552069400,0.0000000000000000
61,253.1908230206851200,0.0000000000000000,252.1260011736652300,0.0000000000000000,250.2002480387723700,0.0000000000000000
62,253.2116686138206000,0.0000000000000000,252.0307600309745300,0.0000000000000000,250.3119499006658400,0.0000000000000000
63,253.2170243933728400,0.0000000000000000,251.9201575166773600,0.0000000000000000,250.4101432934510900,0.0000000000000000
64,253.2068509902010200,0.0000000000000000,251.7943980798336600,0.0000000000000000,250.4946516797019500,0.0000000000000000
65,253.1811168114198800,0.0000000000000000,251.6536046352149800,0.0000000000000000,250.5653192429976000,0.0000000000000000
66,253.1397978243779000,0.0000000000000000,251.4975199037061500,0.0000000000000000,250.6220062586971800,0.0000000000000000
67,253.0828773692961400,0.0000000000000000,251.3262192816479200,0.0000000000000000,250.6645826674422600,0.0000000000000000
68,253.0103459758066000,0.0000000000000000,251.1398238898443400,0.0000000000000000,250.6929731544498700,0.0000000000000000
69,252.9222011691383600,0.0000000000000000,250.9384335414522400,0.0000000000000000,250.7070573231631800,0.0000000000000000
70,252.8184472874077600,0.0000000000000000,250.7219498429150200,0.0000000000000000,250.7067704172637300,0.0000000000000000
71,252.6990953482206200,0.0000000000000000,250.4904353998530600,0.0000000000000000,250.6920442965786700,0.0000000000000000
72,252.5641629663151700,0.0000000000000000,250.2440037458629800,0.0000000000000000,250.6628139453304400,0.0000000000000000
73,252.4136742872394000,0.0000000000000000,249.9827684921694000,0.0000000000000000,250.6190554882648200,0.0000000000000000
74,252.2476599082141600,0.0000000000000000,249.7067079044856500,0.0000000000000000,250.5607031906975500,0.0000000000000000
75,252.0661567883336700,0.0000000000000000,249.4158944506038200,0.0000000000000000,250.4877590240478000,0.0000000000000000
76,251.8692081695129200,0.0000000000000000,249.1104521329789000,0.0000000000000000,250.4001823026168000,0.0000000000000000
77,251.6568635270605500,0.0000000000000000,248.7905098983377500,0.0000000000000000,250.2979770813358000,0.0000000000000000
78,251.4291785574832300,0.0000000000000000,248.4560897694347800,0.0000000000000000,250.1811388540068600,0.0000000000000000
79,251.1862151989688200,0.0000000000000000,248.1072908299599600,0.0000000000000000,250.0496629283183800,0.0000000000000000
80,250.9280416621695600,0.0000000000000000,247.7442563964290500,0.0000000000000000,249.9035897772530700,0.0000000000000000
81,250.6547324202898000,0.0000000000000000,247.3671248952525700,0.0000000000000000,249.7429051769466600,0.0000000000000000
82,250.3663680783594000,0.0000000000000000,246.9759493452670500,0.0000000000000000,249.5676776143582500,0.0000000000000000
83,250.0630350445775000,0.0000000000000000,246.5708676218521600,0.0000000000000000,249.3779182732908200,0.0000000000000000
84,249.7448249969936000,0.0000000000000000,246.1520445049460800,0.0000000000000000,249.1736654534446000,0.0000000000000000
85,249.4118342643639300,0.0000000000000000,245.7196119651621600,0.0000000000000000,248.9549963848414500,0.0000000000000000
86,249.0641633346485800,0.0000000000000000,245.2736597429589600,0.0000000000000000,248.7219316811688800,0.0000000000000000
87,248.7019166717497900,0.0000000000000000,244.8143600003235200,0.0000000000000000,248.4745395782704500,0.0000000000000000
88,248.3252028688022000,0.0000000000000000,244.3418865628709400,0.0000000000000000,248.2129067995667200,0.0000000000000000
89,247.9341350145938600,0.0000000000000000,243.8563439761577700,0.0000000000000000,247.9370608137229000,0.0000000000000000
90,247.5288311011795000,0.0000000000000000,243.3578929255590400,0.0000000000000000,247.6470893087352500,0.0000000000000000
91,247.1094143516943000,0.0000000000000000,242.8467277752134000,0.0000000000000000,247.3430992664143800,0.0000000000000000
92,246.6760134285269000,0.0000000000000000,242.3229887907862700,0.0000000000000000,247.0251379605557200,0.0000000000000000
93,246.2287625382149400,0.0000000000000000,241.7868332128831800,0.0000000000000000,246.6932914516856400,0.0000000000000000
94,245.7678014684363500,0.0000000000000000,241.2384764689674600,0.0000000000000000,246.3477027593293400,0.0000000000000000
95,245.2932755863146800,0.0000000000000000,240.6780799546024800,0.0000000000000000,245.9884458925024300,0.0000000000000000
96,244.8053358014629500,0.0000000000000000,240.1058174729040500,0.0000000000000000,245.6155986199955800,0.0000000000000000
97,244.3041383946364500,0.0000000000000000,239.5219201895161500,0.0000000000000000,245.2293245696841000,0.0000000000000000
98,243.7898440772973700,0.0000000000000000,238.9265509417209600,0.0000000000000000,244.8297429745668000,0.0000000000000000
99,243.2626129758205600,0.0000000000000000,238.3199001955392200,0.0000000000000000,244.4169410855914700,0.0000000000000000
100,242.7225805929666600,0.0000000000000000,237.7021385892197100,0.0000000000000000,243.9910091943082200,0.0000000000000000
101,242.1697572973378400,0.0000000000000000,237.0732336683564400,0.0000000000000000,243.5520216479445700,0.0000000000000000
102,241.6036717242324400,0.0000000000000000,236.4327354201584200,0.0000000000000000,243.0995661088912500,0.0000000000000000
103,241.0223404068028400,0.0000000000000000,235.7786312360478600,0.0000000000000000,242.6318781455138700,0.0000000000000000
104,240.4200121093159300,0.0000000000000000,235.1049581189009800,0.0000000000000000,242.1436371045468800,0.0000000000000000
105,239.7839794375537400,0.0000000000000000,234.3976875302727200,0.0000000000000000,241.6224249825620200,0.0000000000000000
106,239.0931375471122000,0.0000000000000000,233.6310155232670800,0.0000000000000000,241.0465504633857600,0.0000000000000000
107,238.3210403863860700,0.0000000000000000,232.7682208156796300,0.0000000000000000,240.3890560099977700,0.0000000000000000
108,237.4392832475692800,0.0000000000000000,231.7588887695419300,0.0000000000000000,239.6218668169913400,0.0000000000000000
109,236.4182349875003700,0.0000000000000000,230.5271654655746300,0.0000000000000000,238.7171926865297600,0.0000000000000000
110,235.2262128110020000,0.0000000000000000,229.0044273780876800,0.0000000000000000,237.6484707509594000,0.0000000000000000
111,233.8283788437473700,0.0000000000000000,227.2586688489747400,0.0000000000000000,236.3940678125469500,0.0000000000000000
112,232.1858257678392800,0.0000000000000000,225.2997418462040000,0.0000000000000000,234.9459571077258600,0.0000000000000000
113,230.2510915486078000,0.0000000000000000,223.1787330314115500,0.0000000000000000,233.3287338121776300,0.0000000000000000
114,228.1331976673986300,0.0000000000000000,221.0002700020861000,0.0000000000000000,231.5976144779006600,0.0000000000000000
115,225.9837122267812800,0.0000000000000000,218.7956849478814500,0.0000000000000000,229.6813617778028600,0.0000000000000000
116,223.8068704181580000,0.0000000000000000,216.5670947803163800,0.0000000000000000,227.6274019839982800,0.0000000000000000
117,221.6039858657943600,0.0000000000000000,214.3158470093315500,0.0000000000000000,225.5471825870453400,0.0000000000000000
118,219.3762092905752800,0.0000000000000000,212.0432316823624300,0.0000000000000000,223.4408566457299800,0.0000000000000000
119,217.1246569356253000,0.0000000000000000,209.7505138413248200,0.0000000000000000,221.3092451416150000,0.0000000000000000
120,214.8504286263708000,0.0000000000000000,207.4389757272154000,0.0000000000000000,219.1533168657036300,0.0000000000000000
121,212.5546190699725200,0.0000000000000000,205.1099065679532300,0.0000000000000000,216.9749229736941000,0.0000000000000000
122,210.2383265332522300,0.0000000000000000,202.7646545665860200,0.0000000000000000,214.7743077593388800,0.0000000000000000
123,207.9026598950945000,0.0000000000000000,200.4045362576856300,0.0000000000000000,212.5526133145930000,0.0000000000000000
124,205.5487446467644000,0.0000000000000000,198.0309782923803800,0.0000000000000000,210.3111618581915300,0.0000000000000000
125,203.1777282292784400,0.0000000000000000,195.6454970885526000,0.0000000000000000,208.0511275872565600,0.0000000000000000
126,200.7907849966550200,0.0000000000000000,193.2497523684485800,0.0000000000000000,205.7733531116412600,0.0000000000000000
127,198.3891210204530800,0.0000000000000000,190.8454931642450600,0.0000000000000000,203.4790595851378600,0.0000000000000000
128,195.9739789031583000,0.0000000000000000,188.4346630844564000,0.0000000000000000,201.1695299195537000,0.0000000000000000
129,193.5466427803353000,0.0000000000000000,186.0194264290936400,0.0000000000000000,198.8460495598574200,0.0000000000000000
130,191.1084440182584700,0.0000000000000000,183.6021588398152200,0.0000000000000000,196.5097512716501700,0.0000000000000000
131,188.6607713368970000,0.0000000000000000,181.1855729214339300,0.0000000000000000,194.1619834452924600,0.0000000000000000
132,186.2051170476165400,0.0000000000000000,178.7728059173516000,0.0000000000000000,191.8042159274835000,0.0000000000000000
133,183.7433921265718800,0.0000000000000000,176.3676463223025600,0.0000000000000000,189.4381785015471600,0.0000000000000000
134,181.2798300560240800,0.0000000000000000,173.9759665357756300,0.0000000000000000,187.0670377666579300,0.0000000000000000
135,178.8289200502438800,0.0000000000000000,171.6115362899852000,0.0000000000000000,184.7026104611278200,0.0000000000000000
136,176.4209068657805500,0.0000000000000000,168.1879183363510300,116.1501268359055500,182.3854274332152000,0.0000000000000000
137,173.8555305906677000,0.0000000000000000,168.1879183363510300,380.5420796453099000,180.1081624388425000,0.0000000000000000
138,168.1878749320600800,191.8220799669257400,168.1879183363510300,655.8256908630121000,176.3543412874381300,0.0000000000000000
139,168.1878749320600800,301.6372049460834000,168.1879183363510300,732.6147553792090000,176.1838849156525800,0.0000000000000000
140,168.1878749320600800,376.6878910441691300,168.1879183363510300,795.9374685854082000,176.0106501568052400,0.0000000000000000
141,168.1878749320600800,446.7283596102068400,168.1879183363510300,852.0578692780571000,175.8341182733633400,0.0000000000000000
142,168.1878749320600800,513.8800648348322000,168.1879183363510300,902.3500314280257000,175.6541443301996700,0.0000000000000000
143,168.1878749320600800,578.1714942514280000,168.1879183363510300,949.9010320753202000,175.4707599944687800,0.0000000000000000
144,168.1878749320600800,642.2510380889718000,168.1879183363510300,993.7448050056771000,175.2840458714662200,0.0000000000000000
145,168.1878749320600800,704.5663541634590000,168.1879183363510300,1034.8701374971865000,175.0940554729833400,0.0000000000000000
146,168.1878749320600800,765.8045492783585000,168.1879183363510300,1074.8943216971150000,174.9008034281630400,0.0000000000000000
147,168.1878749320600800,826.9580763460208000,168.1879183363510300,1112.9868019636322000,174.7043864076994000,0.0000000000000000
148,168.1878749320600800,886.8380429573443000,168.1879183363510300,1149.2146547766858000,174.5048996282531800,0.0000000000000000
149,168.1878749320600800,945.7733707350013000,168.1879183363510300,1184.1530672130166000,174.3023676962653500,0.0000000000000000
150,168.1878749320600800,1003.7073902593033000,168.1879183363510300,1217.9275402704156000,174.0968687202126800,0.0000000000000000
151,168.1878749320600800,1060.4891416231112000,168.1879183363510300,1250.6357376473836000,173.8885099730202000,0.0000000000000000
152,168.1878749320600800,1115.8120532770260000,168.1879183363510300,1282.7698053848060000,173.6773413990257800,0.0000000000000000
153,168.1878749320600800,1169.9107065947949000,168.1879183363510300,1314.0835944848723000,173.4634263086446400,0.0000000000000000
154,168.1878749320600800,1221.6906461802869000,168.1879183363510300,1344.1690991182095000,173.2468826524794800,0.0000000000000000
155,168.1878749320600800,1270.3112908752164000,168.1879183363510300,1373.4169953020692000,173.0277688630400000,0.0000000000000000
156,168.1878749320600800,1314.7541255122290000,168.1879183363510300,1401.8478025722093000,172.8061540535933000,0.0000000000000000
157,168.1878749320600800,1356.2163987816657000,168.1879183363510300,1429.4733871585402000,172.5821609722615300,0.0000000000000000
158,168.1878749320600800,1395.1792529957968000,168.1879183363510300,1456.2982884637718000,172.3558456591271700,0.0000000000000000
159,168.1878749320600800,1431.8839691674739000,168.1879183363510300,1482.3204131508458000,168.1879183363510300,271.7605269052926400
160,168.1878749320600800,1466.4812692164650000,168.1879183363510300,1507.5313386896400000,168.1879183363510300,357.8409912714643600
161,168.1878749320600800,1499.0681112838147000,168.1879183363510300,1531.9163173066830000,168.1879183363510300,420.9219603371473700
162,168.1878749320600800,1529.7082895943570000,168.1879183363510300,1555.4544590527066000,168.1879183363510300,472.5567968407898400
163,168.1878749320600800,1558.4425136972460000,168.1879183363510300,1578.1189924576870000,168.1879183363510300,538.7726781191492000
164,168.1878749320600800,1585.2924114913110000,168.1879183363510300,1599.8770197224685000,168.1879183363510300,593.8968575104770000
165,168.1878749320600800,1610.2646687707656000,168.1879183363510300,1620.6888106195056000,168.1879183363510300,652.2506952596426000
166,168.1878749320600800,1633.3461785787345000,168.1879183363510300,1640.5043051897860000,168.1879183363510300,707.4914122072738000
167,168.1878749320600800,1654.4506709565308000,168.1879183363510300,1659.2546828475936000,168.1879183363510300,759.7569690311266000
168,168.1878749320600800,1673.8091954934912000,168.1879183363510300,1677.0130553557567000,168.1879183363510300,814.8933402299842000
169,168.1878749320600800,1691.2958730034877000,168.1879183363510300,1693.4726822010862000,168.1879183363510300,869.6403607050968000
170,168.1878749320600800,1707.0126399155690000,168.1879183363510300,1708.6749134256977000,168.1879183363510300,922.7139913666971000
171,168.1878749320600800,1721.2199400050874000,168.1879183363510300,1722.5719344853540000,168.1879183363510300,975.3749770236882000
172,168.1878749320600800,1734.0188959121413000,168.1879183363510300,1735.1212305087663000,168.1879183363510300,1027.2517680425512000
173,168.1878749320600800,1745.3831855980445000,168.1879183363510300,1746.2841040341184000,168.1879183363510300,1078.6260749809305000
174,168.1878749320600800,1755.2881172630193000,168.1879183363510300,1756.0247957332370000,168.1879183363510300,1128.0797003551388000
175,168.1878749320600800,1763.7109457614836000,168.1879183363510300,1764.3106060735415000,168.1879183363510300,1178.5116872928580000
176,168.1878749320600800,1770.6314184876549000,168.1879183363510300,1771.1116474885928000,168.1879183363510300,1225.5537386566434000
177,168.1878749320600800,1776.0326373949654000,168.1879183363510300,1776.4005780480336000,168.1879183363510300,1275.6368070665224000
178,168.1878749320600800,1779.9097479617546000,168.1879183363510300,1780.1565998598996000,168.1879183363510300,1320.4715412608848000
179,168.1878749320600800,1782.3502974030278000,168.1879183363510300,1782.4218855428950000,168.1879183363510300,1366.3738644192906000
180,168.1878749320600800,1784.4931936525330000,168.1879183363510300,1784.0934066686161000,168.1879183363510300,1408.9861129947096000
