loop:1,season:5.934689e7,P_air:7.68276173008142e-2,P_ice:1.2619325162780564e-2,P_rego:4.055305753640525e-2,T_sub:168.18822212804156
0,168.1882221280415600,959.4471083212558000,168.1882655213776400,408.5111103710796700,168.1882655213776400,860.9070228149467000
1,168.1882221280415600,956.0902366282365000,168.1882655213776400,345.7938508779913000,168.1882655213776400,895.8976961067664000
2,168.1882221280415600,953.1007224836762000,168.1882655213776400,283.4059092903723400,168.1882655213776400,931.2664384016208000
3,168.1882221280415600,948.6884293835759000,168.1882655213776400,217.8291653920585700,168.1882655213776400,964.1398070279880000
4,168.1882221280415600,942.6337334450735000,168.1882655213776400,152.2823590896705600,168.1882655213776400,994.0168334598590000
5,168.1882221280415600,934.9149971620969000,168.1882655213776400,86.1035742745574000,168.1882655213776400,1019.7549460714138000
6,168.1882221280415600,925.5564052753688000,168.1882655213776400,17.9219298290749980,168.1882655213776400,1040.3841703645571000
7,168.1882221280415600,914.5936145661484000,174.0252053599393500,0.0000000000000000,168.1882655213776400,1057.6132765700931000
8,168.1882221280415600,902.0666084129507000,176.3486290309423300,0.0000000000000000,168.1882655213776400,1071.4906887881803000
9,168.1882221280415600,888.0197530451660000,177.1637081103373500,0.0000000000000000,168.1882655213776400,1082.3214841413450000
10,168.1882221280415600,872.5019315559413000,177.5499390150609700,0.0000000000000000,168.1882655213776400,1090.5935573683241000
11,168.1882221280415600,855.4326135100816000,177.7816082921150700,0.0000000000000000,168.1882655213776400,1105.8386329749412000
12,168.1882221280415600,836.5773204847338000,177.9479873011464700,0.0000000000000000,168.1882655213776400,1123.3768933003170000
13,168.1882221280415600,815.8285553882629000,178.0861562173595300,0.0000000000000000,168.1882655213776400,1141.0455688827503000
14,168.1882221280415600,793.1081009327979000,178.2095711266251500,0.0000000000000000,168.1882655213776400,1159.1682572201330000
15,168.1882221280415600,768.3384053700851000,178.3242457372224400,0.0000000000000000,168.1882655213776400,1176.4111001275382000
16,168.1882221280415600,741.4340877713853000,178.4323744776709500,0.0000000000000000,168.1882655213776400,1104.0261475639970000
17,168.1882221280415600,712.2970300314330000,178.5355035129124400,0.0000000000000000,168.1882655213776400,1036.1808812183810000
18,168.1882221280415600,680.8114663217725000,178.6340851198365600,0.0000000000000000,168.1882655213776400,973.8476830044152000
19,168.1882221280415600,646.8381382863233000,178.7283603642074200,0.0000000000000000,168.1882655213776400,916.4265637961260000
20,168.1882221280415600,610.2054399596603000,178.8184339460979400,0.0000000000000000,168.1882655213776400,865.1564001233672000
21,168.1882221280415600,570.6959538297159000,178.9042872521237400,0.0000000000000000,168.1882655213776400,822.4498334435066000
22,168.1882221280415600,528.0237866045250000,178.9859312888223700,0.0000000000000000,168.1882655213776400,781.3974467080624000
23,168.1882221280415600,481.7918122154745000,179.0633178881626300,0.0000000000000000,168.1882655213776400,741.7943448945952000
24,168.1882221280415600,431.3954830356319000,179.1364012873731300,0.0000000000000000,168.1882655213776400,703.5993674273680000
25,168.1882221280415600,375.7560494733124000,179.2051723307253300,0.0000000000000000,168.1882655213776400,667.0295114627385000
26,168.1882221280415600,312.5338745487480000,179.2695622582960500,0.0000000000000000,168.1882655213776400,631.9434036464031000
27,168.1882221280415600,243.8607370612576200,179.3295453953051300,0.0000000000000000,168.1882655213776400,598.3405905895185000
28,168.1882221280415600,171.7242538658510400,179.3851132524260000,0.0000000000000000,168.1882655213776400,566.2233004371808000
29,168.1882221280415600,96.8045617620637300,179.4361944373556500,0.0000000000000000,168.1882655213776400,535.5066098731542000
30,169.6424722147859000,0.0000000000000000,179.5869171116191600,0.0000000000000000,168.1882655213776400,504.2634640093753000
31,183.1373652669444000,0.0000000000000000,187.4533006161496500,0.0000000000000000,168.1882655213776400,243.3798854194474000
32,193.6258288263180700,0.0000000000000000,196.8418746047860900,0.0000000000000000,181.0026020588421100,0.0000000000000000
33,202.9794547853661600,0.0000000000000000,205.7517327723901400,0.0000000000000000,196.9186734416990000,0.0000000000000000
34,211.4693109735427500,0.0000000000000000,213.9941103091679200,0.0000000000000000,207.2625367889566200,0.0000000000000000
35,219.2991008652791000,0.0000000000000000,221.6453720857603600,0.0000000000000000,215.6465035227628300,0.0000000000000000
36,226.5927878184381300,0.0000000000000000,228.8036446451554300,0.0000000000000000,223.0724333153759700,0.0000000000000000
37,233.0546369289647500,0.0000000000000000,234.9344266466052000,0.0000000000000000,229.7826290362652000,0.0000000000000000
38,237.7125866517102700,0.0000000000000000,239.4133372189516800,0.0000000000000000,234.5639814460217600,0.0000000000000000
39,241.2691222640149800,0.0000000000000000,242.8221217504945200,0.0000000000000000,237.9603582931197300,0.0000000000000000
40,244.0909768785251400,0.0000000000000000,245.5205042009004300,0.0000000000000000,240.6237142917438800,0.0000000000000000
41,246.3279093886830500,0.0000000000000000,247.6449871135003500,0.0000000000000000,242.7241648896325600,0.0000000000000000
42,248.0257592863569300,0.0000000000000000,249.2271804423157600,0.0000000000000000,244.3151269771928000,0.0000000000000000
43,249.2337244431887500,0.0000000000000000,250.3103917193730600,0.0000000000000000,245.4400214493530500,0.0000000000000000
44,250.0500283497683800,0.0000000000000000,250.9973402212178000,0.0000000000000000,246.1970994950214300,0.0000000000000000
45,250.5976568915048400,0.0000000000000000,251.4172546145194000,0.0000000000000000,246.7105948656093800,0.0000000000000000
46,250.9838654164985300,0.0000000000000000,251.6799212876740000,0.0000000000000000,247.0859696093335500,0.0000000000000000
47,251.2813986608027800,0.0000000000000000,251.8575606785293200,0.0000000000000000,247.3919344897110000,0.0000000000000000
48,251.5312457435225000,0.0000000000000000,251.9897167931119400,0.0000000000000000,247.6651792846964500,0.0000000000000000
49,251.7533443153588700,0.0000000000000000,252.0951999014171200,0.0000000000000000,247.9222001586391900,0.0000000000000000
50,251.9562275898148000,0.0000000000000000,252.1817753147077500,0.0000000000000000,248.1690605391064500,0.0000000000000000
51,252.1431110981946500,0.0000000000000000,252.2522711697526500,0.0000000000000000,248.4072781355048400,0.0000000000000000
52,252.3150246368063600,0.0000000000000000,252.3075927087541000,0.0000000000000000,248.6366876063199000,0.0000000000000000
53,252.4721989466476700,0.0000000000000000,252.3481024236979500,0.0000000000000000,248.8565995965956600,0.0000000000000000
54,252.6146067939015000,0.0000000000000000,252.3737408858127400,0.0000000000000000,249.0663541599168000,0.0000000000000000
55,252.7421513376283700,0.0000000000000000,252.3843650579957800,0.0000000000000000,249.2653182663232800,0.0000000000000000
56,252.8547249355444500,0.0000000000000000,252.3798637414506600,0.0000000000000000,249.4529316052715700,0.0000000000000000
57,252.9522254657957000,0.0000000000000000,252.3604569060636600,0.0000000000000000,249.6287448117267000,0.0000000000000000
58,253.0345601191225700,0.0000000000000000,252.3259868292998400,0.0000000000000000,249.7923611694273500,0.0000000000000000
59,253.1016458736276000,0.0000000000000000,252.2762163120475500,0.0000000000000000,249.9434386456406000,0.0000000000000000
60,253.1534092052971000,0.0000000000000000,252.2110754223486400,0.0000000000000000,250.0816900401130200,0.0000000000000000
61,253.1897856724360500,0.0000000000000000,252.1311912174778000,0.0000000000000000,250.2068453499579700,0.0000000000000000
62,253.2107195191245200,0.0000000000000000,252.0359055183473000,0.0000000000000000,250.3186838503064300,0.0000000000000000
63,253.2161633248110000,0.0000000000000000,251.9252564605620000,0.0000000000000000,250.4170088101184000,0.0000000000000000
64,253.2060777018591000,0.0000000000000000,251.7994481175154200,0.0000000000000000,250.5016438829334200,0.0000000000000000
65,253.1804310381726900,0.0000000000000000,251.6586032020697000,0.0000000000000000,250.5724334169052600,0.0000000000000000
66,253.1391992812400500,0.0000000000000000,251.5024649908654300,0.0000000000000000,250.6292378343423200,0.0000000000000000
67,253.0823657508264300,0.0000000000000000,251.3311087988075800,0.0000000000000000,250.6719272175322000,0.0000000000000000
68,253.0099209555691300,0.0000000000000000,251.1446555891225500,0.0000000000000000,250.7004262996041200,0.0000000000000000
69,252.9218623992345800,0.0000000000000000,250.9432050720650400,0.0000000000000000,250.7146148332043000,0.0000000000000000
70,252.8181943980799800,0.0000000000000000,250.7266591516112200,0.0000000000000000,250.7144281152258700,0.0000000000000000
71,252.6989279474981000,0.0000000000000000,250.4950804284246000,0.0000000000000000,250.6997980780089700,0.0000000000000000
72,252.5640806396722800,0.0000000000000000,250.2485823438297000,0.0000000000000000,250.6706597847607000,0.0000000000000000
73,252.4136765972618000,0.0000000000000000,249.9872784288099600,0.0000000000000000,250.6269893712380000,0.0000000000000000
74,252.2477463942854000,0.0000000000000000,249.7111471456418000,0.0000000000000000,250.5687212080686700,0.0000000000000000
75,252.0663269663527300,0.0000000000000000,249.4202609862644800,0.0000000000000000,250.4958572518343400,0.0000000000000000
76,251.8694615316381000,0.0000000000000000,249.1147438881828300,0.0000000000000000,250.4083568976509200,0.0000000000000000
77,251.6571995414638800,0.0000000000000000,248.7947247351101200,0.0000000000000000,250.3062242058906300,0.0000000000000000
78,251.4295966680956600,0.0000000000000000,248.4602257075137000,0.0000000000000000,250.1894547046942400,0.0000000000000000
79,251.1867148251980400,0.0000000000000000,248.1113459075958500,0.0000000000000000,250.0580437486510000,0.0000000000000000
80,250.9286221985800000,0.0000000000000000,247.7482285954125000,0.0000000000000000,249.9120317815490500,0.0000000000000000
81,250.6553932362590200,0.0000000000000000,247.3710121619875800,0.0000000000000000,249.7514046695914700,0.0000000000000000
82,250.3671085177689700,0.0000000000000000,246.9797497691247000,0.0000000000000000,249.5762308400828700,0.0000000000000000
83,250.0638544256482300,0.0000000000000000,246.5745792799203600,0.0000000000000000,249.3865215408809800,0.0000000000000000
84,249.7457226123866000,0.0000000000000000,246.1556654193198300,0.0000000000000000,249.1823150935291800,0.0000000000000000
85,249.4128093816086700,0.0000000000000000,245.7231401760940600,0.0000000000000000,248.9636886836653000,0.0000000000000000
86,249.0652151968301400,0.0000000000000000,245.2770933996717000,0.0000000000000000,248.7306630005635400,0.0000000000000000
87,248.7030444982773400,0.0000000000000000,244.8176972076600000,0.0000000000000000,248.4833062714469300,0.0000000000000000
88,248.3264058560691000,0.0000000000000000,244.3451253861115300,0.0000000000000000,248.2217051841385900,0.0000000000000000
89,247.9354123364168000,0.0000000000000000,243.8594825851208200,0.0000000000000000,247.9458872973625600,0.0000000000000000
90,247.5301819090068400,0.0000000000000000,243.3609294939073200,0.0000000000000000,247.6559402817187600,0.0000000000000000
91,247.1108377746393000,0.0000000000000000,242.8496604241411500,0.0000000000000000,247.3519710747171000,0.0000000000000000
92,246.6775085732921000,0.0000000000000000,242.3258157046840300,0.0000000000000000,247.0340270338093000,0.0000000000000000
93,246.2303284889627000,0.0000000000000000,241.7895526160752000,0.0000000000000000,246.7021942386129800,0.0000000000000000
94,245.7694372866353000,0.0000000000000000,241.2410865218375000,0.0000000000000000,246.3566156276886300,0.0000000000000000
95,245.2949803105764800,0.0000000000000000,240.6805788691994200,0.0000000000000000,245.9973652754588000,0.0000000000000000
96,244.8071084473657200,0.0000000000000000,240.1082034984738700,0.0000000000000000,245.6245210200828800,0.0000000000000000
97,244.3059779544930200,0.0000000000000000,239.5241915097906500,0.0000000000000000,245.2382464019062800,0.0000000000000000
98,243.7917495197090000,0.0000000000000000,238.9287058166509300,0.0000000000000000,244.8386606629182400,0.0000000000000000
99,243.2645832446670800,0.0000000000000000,238.3219369078463200,0.0000000000000000,244.4258511278755200,0.0000000000000000
100,242.7246146065435300,0.0000000000000000,237.7040554481902700,0.0000000000000000,243.9999081228934300,0.0000000000000000
101,242.1718539601197600,0.0000000000000000,237.0750292234814400,0.0000000000000000,243.5609058790400400,0.0000000000000000
102,241.6058300268400700,0.0000000000000000,236.4344085670322000,0.0000000000000000,243.1084321854632200,0.0000000000000000
103,241.0245599102314600,0.0000000000000000,235.7801820388802000,0.0000000000000000,242.6407231498368700,0.0000000000000000
104,240.4222945663190700,0.0000000000000000,235.1063899695250800,0.0000000000000000,242.1524600479987000,0.0000000000000000
105,239.7863324679251500,0.0000000000000000,234.3990126443176800,0.0000000000000000,241.6312304096896600,0.0000000000000000
106,239.0955795431177400,0.0000000000000000,233.6322655634589000,0.0000000000000000,241.0553541824359000,0.0000000000000000
107,238.3236031303596600,0.0000000000000000,232.7694603539454800,0.0000000000000000,240.3978875020142400,0.0000000000000000
108,237.4420123249395500,0.0000000000000000,231.7602391797181300,0.0000000000000000,239.6307685285536000,0.0000000000000000
109,236.4211900678339800,0.0000000000000000,230.5288528767211200,0.0000000000000000,238.7262176627056400,0.0000000000000000
110,235.2294685774975600,0.0000000000000000,229.0063153482438500,0.0000000000000000,237.6576772043058800,0.0000000000000000
111,233.8320265427420000,0.0000000000000000,227.2607439165142600,0.0000000000000000,236.4035048182248300,0.0000000000000000
112,232.1899744575278200,0.0000000000000000,225.3019843435322400,0.0000000000000000,234.9556319722980000,0.0000000000000000
113,230.2559055213119200,0.0000000000000000,223.1809707192818700,0.0000000000000000,233.3385356408447500,0.0000000000000000
114,228.1380207251079000,0.0000000000000000,221.0023222074730000,0.0000000000000000,231.6074849426748300,0.0000000000000000
115,225.9885395378616400,0.0000000000000000,218.7975452193822000,0.0000000000000000,229.6913875635980600,0.0000000000000000
116,223.8116992739588800,0.0000000000000000,216.5687596849493800,0.0000000000000000,227.6373237559206500,0.0000000000000000
117,221.6088140240905800,0.0000000000000000,214.3173130550319700,0.0000000000000000,225.5569947145007000,0.0000000000000000
118,219.3810344778983000,0.0000000000000000,212.0444951700374400,0.0000000000000000,223.4505550179845800,0.0000000000000000
119,217.1294768324370400,0.0000000000000000,209.7515708547148300,0.0000000000000000,221.3188260397828600,0.0000000000000000
120,214.8552408703871200,0.0000000000000000,207.4398220811902700,0.0000000000000000,219.1627767023626300,0.0000000000000000
121,212.5594212587751000,0.0000000000000000,205.1105377899755000,0.0000000000000000,216.9842568615546600,0.0000000000000000
122,210.2431162259288700,0.0000000000000000,202.7650658068985800,0.0000000000000000,214.7835121173307000,0.0000000000000000
123,207.9074346130533000,0.0000000000000000,200.4047703407353000,0.0000000000000000,212.5616844347976600,0.0000000000000000
124,205.5535018738366000,0.0000000000000000,198.0311135183463300,0.0000000000000000,210.3200956419627200,0.0000000000000000
125,203.1824654111885000,0.0000000000000000,195.6456246110922000,0.0000000000000000,208.0599198197624000,0.0000000000000000
126,200.7954995399031800,0.0000000000000000,193.2499599667659000,0.0000000000000000,205.7820000405109000,0.0000000000000000
127,198.3938102906320000,0.0000000000000000,190.8458989390822500,0.0000000000000000,203.4875573580396500,0.0000000000000000
128,195.9786402227161700,0.0000000000000000,188.4353726726375300,0.0000000000000000,201.1778745410462400,0.0000000000000000
129,193.5512734258351500,0.0000000000000000,186.0204510558189000,0.0000000000000000,198.8542369513652700,0.0000000000000000
130,191.1130412176843000,0.0000000000000000,183.6034857210822800,0.0000000000000000,196.5177775907862700,0.0000000000000000
131,188.6653322718913400,0.0000000000000000,181.1871869412857700,0.0000000000000000,194.1698448246477300,0.0000000000000000
132,186.2096388950397200,0.0000000000000000,178.7746890945576000,0.0000000000000000,191.8119084340544000,0.0000000000000000
133,183.7478723147938500,0.0000000000000000,176.3697773768074000,0.0000000000000000,189.4456983383925600,0.0000000000000000
134,181.2842671235414400,0.0000000000000000,173.9783209550120700,0.0000000000000000,187.0743823879258800,0.0000000000000000
135,178.8333117231659300,0.0000000000000000,171.6140887265294500,0.0000000000000000,184.7097797550266300,0.0000000000000000
136,176.4251984832220000,0.0000000000000000,168.1882655213776400,116.0792432810676800,182.3924005579649200,0.0000000000000000
137,173.8592033612276000,0.0000000000000000,168.1882655213776400,380.5355566334407600,180.1146339527877300,0.0000000000000000
138,168.1882221280415600,191.8246673835004700,168.1882655213776400,655.9613864742913000,176.3581005058471500,0.0000000000000000
139,168.1882221280415600,301.6627081104921000,168.1882655213776400,732.7504509904882000,176.1875156812781700,0.0000000000000000
140,168.1882221280415600,376.7171424433820400,168.1882655213776400,796.0731641966873000,176.0141495865875000,0.0000000000000000
141,168.1882221280415600,446.7613830519369000,168.1882655213776400,852.1935648893362000,175.8374844482662000,0.0000000000000000
142,168.1882221280415600,513.9168823968951000,168.1882655213776400,902.4857270393048000,175.6573756930516500,0.0000000000000000
143,168.1882221280415600,578.2121262117142000,168.1882655213776400,950.0367276865994000,175.4738550666000400,0.0000000000000000
144,168.1882221280415600,642.2955028469783000,168.1882655213776400,993.8805006169563000,175.2870031757152000,0.0000000000000000
145,168.1882221280415600,704.6146681518009000,168.1882655213776400,1035.0058331084663000,175.0968735795913000,0.0000000000000000
146,168.1882221280415600,765.8567268623284000,168.1882655213776400,1075.0300173083947000,174.9034810196892000,0.0000000000000000
147,168.1882221280415600,827.0141297088320000,168.1882655213776400,1113.1224975749120000,174.7069221483829200,0.0000000000000000
148,168.1882221280415600,886.8979819681363000,168.1882655213776400,1149.3503503879656000,174.5072921683297700,0.0000000000000000
149,168.1882221280415600,945.8372027959779000,168.1882655213776400,1184.2887628242963000,174.3046157880535000,0.0000000000000000
150,168.1882221280415600,1003.7751201274558000,168.1882655213776400,1218.0632358816954000,174.0989711334907500,0.0000000000000000
151,168.1882221280415600,1060.5607712007852000,168.1882655213776400,1250.7714332586634000,173.8904654497091500,0.0000000000000000
152,168.1882221280415600,1115.8875813640182000,168.1882655213776400,1282.9055009960857000,173.6791487476701800,0.0000000000000000
153,168.1882221280415600,1169.9901285925673000,168.1882655213776400,1314.2192900961520000,173.4650843845491600,0.0000000000000000
154,168.1882221280415600,1221.7739537360715000,168.1882655213776400,1344.3047947294892000,173.2483902710672200,0.0000000000000000
155,168.1882221280415600,1270.3984714499209000,168.1882655213776400,1373.5526909133490000,173.0291248977374600,0.0000000000000000
156,168.1882221280415600,1314.8451618507174000,168.1882655213776400,1401.9834981834890000,172.8073574201706300,0.0000000000000000
157,168.1882221280415600,1356.3112682564565000,168.1882655213776400,1429.6090827698200000,172.5832105436769600,0.0000000000000000
158,168.1882221280415600,1395.2779267844210000,168.1882655213776400,1456.4339840750515000,172.3567403748959000,0.0000000000000000
159,168.1882221280415600,1431.9864112078835000,168.1882655213776400,1482.4561087621255000,168.1882655213776400,271.7595673435947700
160,168.1882221280415600,1466.5874348611048000,168.1882655213776400,1507.6670343009198000,168.1882655213776400,357.8449376926277000
161,168.1882221280415600,1499.1779455361830000,168.1882655213776400,1532.0520129179627000,168.1882655213776400,420.9308528732514700
162,168.1882221280415600,1529.8217247531659000,168.1882655213776400,1555.5901546639864000,168.1882655213776400,472.5706741172797000
163,168.1882221280415600,1558.5594661355890000,168.1882655213776400,1578.2546880689667000,168.1882655213776400,538.7915772430698000
164,168.1882221280415600,1585.4127771274786000,168.1882655213776400,1600.0127153337482000,168.1882655213776400,593.9208140591696000
165,168.1882221280415600,1610.3883164693593000,168.1882655213776400,1620.8245062307853000,168.1882655213776400,652.2797432699083000
166,168.1882221280415600,1633.4729400771341000,168.1882655213776400,1640.6400008010658000,168.1882655213776400,707.5255841650050000
167,168.1882221280415600,1654.5803244496950000,168.1882655213776400,1659.3903784588733000,168.1882655213776400,759.7962958614114000
168,168.1882221280415600,1673.9414360630349000,168.1882655213776400,1677.1487509670364000,168.1882655213776400,814.9378512876871000
169,168.1882221280415600,1691.4302487755250000,168.1882655213776400,1693.6083778123660000,168.1882655213776400,869.6900837659159000
170,168.1882221280415600,1707.1483200702642000,168.1882655213776400,1708.8106090369774000,168.1882655213776400,922.7689526187044000
171,168.1882221280415600,1721.3556357663601000,168.1882655213776400,1722.7076300966337000,168.1882655213776400,975.4352010593514000
172,168.1882221280415600,1734.1545916734140000,168.1882655213776400,1735.2569261200460000,168.1882655213776400,1027.3172778512435000
173,168.1882221280415600,1745.5188813593172000,168.1882655213776400,1746.4197996453981000,168.1882655213776400,1078.6968919419273000
174,168.1882221280415600,1755.4238130242920000,168.1882655213776400,1756.1604913445167000,168.1882655213776400,1128.1558442311052000
175,168.1882221280415600,1763.8466415227563000,168.1882655213776400,1764.4463016848213000,168.1882655213776400,1178.5931762238295000
176,168.1882221280415600,1770.7671142489276000,168.1882655213776400,1771.2473430998725000,168.1882655213776400,1225.6405891545003000
177,168.1882221280415600,1776.1683331562380000,168.1882655213776400,1776.5362736593133000,168.1882655213776400,1275.7290340099592000
178,168.1882221280415600,1780.0454437230273000,168.1882655213776400,1780.2922954711794000,168.1882655213776400,1320.5691578908788000
179,168.1882221280415600,1782.4859931643005000,168.1882655213776400,1782.5575811541748000,168.1882655213776400,1366.4768823350682000
180,168.1882221280415600,1784.6288894138056000,168.1882655213776400,1784.2291022798959000,168.1882655213776400,1409.0945421502136000
