loop:1,season:59345595,P_air:1.904127315315768e-07,P_ice:0,P_rego:0.006999809587268468,T_sub:100.0606711053772
0,253.1483015704902,0,253.1473487499725,0,253.1473487499725,0
1,253.139327544093,0,253.1259043200555,0,253.1259043200555,0
2,253.112409322808,0,253.0865197786601,0,253.0865197786601,0
3,253.0675545449772,0,253.0292065695488,0,253.0292065695488,0
4,253.0047774368553,0,252.95398271389,0,252.95398271389,0
5,252.9240974323098,0,252.8608714369264,0,252.8608714369264,0
6,252.8255391506655,0,252.7499011446702,0,252.7499011446702,0
7,252.7091337601842,0,252.6211067861113,0,252.6211067861113,0
8,252.574916269564,0,252.4745271437827,0,252.4745271437827,0
9,252.422929253839,0,252.3102085582218,0,252.3102085582218,0
10,252.2532191108206,0,252.1282011835499,0,252.1282011835499,0
11,252.0658387741025,0,251.9285616991125,0,251.9285616991125,0
12,251.8608463420278,0,251.711351937423,0,251.711351937423,0
13,251.6383050613529,0,251.4766388666963,0,251.4766388666963,0
14,251.3982843530108,0,251.2244956153851,0,251.2244956153851,0
15,251.1408587677403,0,250.9550004267658,0,250.9550004267658,0
16,250.8661079670302,0,250.668236638746,0,250.668236638746,0
17,250.5744623304063,0,250.364808201728,0,250.364808201728,0
18,250.2763150415522,0,250.0563800088968,0,250.0563800088968,0
19,249.983143722968,0,249.7536915563219,0,249.7536915563219,0
20,249.6996372500807,0,249.4613038467569,0,249.4613038467569,0
21,249.4281419694787,0,249.1813633918995,0,249.1813633918995,0
22,249.1697824960485,0,248.9148838391668,0,248.9148838391668,0
23,248.9249469958332,0,248.6622685340815,0,248.6622685340815,0
24,248.6935528319173,0,248.4233672162302,0,248.4233672162302,0
25,248.4752065012633,0,248.1977513832794,0,248.1977513832794,0
26,248.2693104647503,0,247.9848174030334,0,247.9848174030334,0
27,248.0751323079581,0,247.7838108207154,0,247.7838108207154,0
28,247.8918537693824,0,247.5938970012066,0,247.5938970012066,0
29,247.7186062271939,0,247.4142050585565,0,247.4142050585565,0
30,247.5544952670415,0,247.2438272027917,0,247.2438272027917,0
31,247.3986179789172,0,247.0818537262721,0,247.0818537262721,0
32,247.2500781071436,0,246.927382503631,0,246.927382503631,0
33,247.1079937830365,0,246.7795231452579,0,246.7795231452579,0
34,246.971505434521,0,246.6374245252507,0,246.6374245252507,0
35,246.8397806820981,0,246.5002261771345,0,246.5002261771345,0
36,246.7120195739429,0,246.3671564959861,0,246.3671564959861,0
37,246.5874557253577,0,246.2374363880517,0,246.2374363880517,0
38,246.4653610939745,0,246.1103218852031,0,246.1103218852031,0
39,246.3450470565661,0,245.9851307584115,0,245.9851307584115,0
40,246.2258676602666,0,245.8612231941944,0,245.8612231941944,0
41,246.1072256931027,0,245.737999492604,0,245.737999492604,0
42,245.9885887194413,0,245.61491882769,0,245.61491882769,0
43,245.8695183526661,0,245.4915505361651,0,245.4915505361651,0
44,245.7497288055167,0,245.3676077020219,0,245.3676077020219,0
45,245.6293560404303,0,245.2432174485198,0,245.2432174485198,0
46,245.5091434177366,0,245.1191335328267,0,245.1191335328267,0
47,245.3864484567078,0,244.9927000396147,0,244.9927000396147,0
48,245.2596425261899,0,244.8622989853891,0,244.8622989853891,0
49,245.1276860289971,0,244.7268938908146,0,244.7268938908146,0
50,244.9897854930258,0,244.5856859723542,0,244.5856859723542,0
51,244.8452971288795,0,244.4380203315828,0,244.4380203315828,0
52,244.6936827701536,0,244.2833851005828,0,244.2833851005828,0
53,244.5344839781809,0,244.1213007123409,0,244.1213007123409,0
54,244.367307792257,0,243.9513779562678,0,243.9513779562678,0
55,244.191811517447,0,243.7732855055504,0,243.7732855055504,0
56,244.0076982417728,0,243.586709920965,0,243.586709920965,0
57,243.8147079123661,0,243.3913970118375,0,243.3913970118375,0
58,243.6126145140294,0,243.1871399603909,0,243.1871399603909,0
59,243.4012194111208,0,242.973704395235,0,242.973704395235,0
60,243.1803506581461,0,242.7509607225405,0,242.7509607225405,0
61,242.9498593443625,0,242.5187165828668,0,242.5187165828668,0
62,242.7096157685365,0,242.2768818733825,0,242.2768818733825,0
63,242.4595100933239,0,242.0253130258066,0,242.0253130258066,0
64,242.1994480512291,0,241.7639452532596,0,241.7639452532596,0
65,241.9293515903711,0,241.4926697239831,0,241.4926697239831,0
66,241.6491545341343,0,241.2114588535469,0,241.2114588535469,0
67,241.3588044762287,0,240.9202153193594,0,240.9202153193594,0
68,241.0582574814995,0,240.6189453465525,0,240.6189453465525,0
69,240.747480518372,0,240.3075609322035,0,240.3075609322035,0
70,240.4264464751124,0,239.9860926357987,0,239.9860926357987,0
71,240.0951341361364,0,239.6544576555449,0,239.6544576555449,0
72,239.7535279272456,0,239.3127048373853,0,239.3127048373853,0
73,239.4016131650272,0,238.9607627188478,0,238.9607627188478,0
74,239.0393825275995,0,238.5986622568742,0,238.5986622568742,0
75,238.6668406363866,0,238.2263989685276,0,238.2263989685276,0
76,238.2839988216599,0,237.8439518120481,0,237.8439518120481,0
77,237.8907922855898,0,237.4513244492731,0,237.4513244492731,0
78,237.4866773528675,0,237.047878954767,0,237.047878954767,0
79,237.069571934463,0,236.6316407253222,0,236.6316407253222,0
80,236.6344439256393,0,236.1974938159321,0,236.1974938159321,0
81,236.1726301487776,0,235.7368182483603,0,235.7368182483603,0
82,235.6719590242886,0,235.2374910863863,0,235.2374910863863,0
83,235.1168858442054,0,234.6839044405405,0,234.6839044405405,0
84,234.4883411796765,0,234.0572560287945,0,234.0572560287945,0
85,233.7633448433334,0,233.3342660542711,0,233.3342660542711,0
86,232.9144249597125,0,232.4880298877567,0,232.4880298877567,0
87,231.9090866269605,0,231.4871034118794,0,231.4871034118794,0
88,230.7093066246534,0,230.2940755153123,0,230.2940755153123,0
89,229.077537828559,0,228.655682010656,0,228.655682010656,0
90,227.2167713633476,0,226.7969835838607,0,226.7969835838607,0
91,225.3366418307545,0,224.9196813634493,0,224.9196813634493,0
92,223.4377145562366,0,223.0232388402345,0,223.0232388402345,0
93,221.5205754663979,0,221.1090007308532,0,221.1090007308532,0
94,219.585831118597,0,219.1771237029672,0,219.1771237029672,0
95,217.6341065754015,0,217.2284420359923,0,217.2284420359923,0
96,215.6660457890566,0,215.2635993719584,0,215.2635993719584,0
97,213.6823105797019,0,213.2831286921559,0,213.2831286921559,0
98,211.6835782899076,0,211.2878880303532,0,211.2878880303532,0
99,209.6705417029167,0,209.2783930537845,0,209.2783930537845,0
100,207.6439046042348,0,207.2554635812652,0,207.2554635812652,0
101,205.6043819815317,0,205.219775116963,0,205.219775116963,0
102,203.5526943715779,0,203.1720153975795,0,203.1720153975795,0
103,201.4895628532786,0,201.1129890538334,0,201.1129890538334,0
104,199.4157060623903,0,199.0433081143011,0,199.0433081143011,0
105,197.3318329567127,0,196.9637748609379,0,196.9637748609379,0
106,195.2386393976884,0,194.8750148910938,0,194.8750148910938,0
107,193.1368159136082,0,192.777749237997,0,192.777749237997,0
108,191.0270617969657,0,190.6726864031326,0,190.6726864031326,0
109,188.9101156017768,0,188.560524934357,0,188.560524934357,0
110,186.786535134461,0,186.4418752320645,0,186.4418752320645,0
111,184.6575871516926,0,184.3179410559847,0,184.3179410559847,0
112,182.5250405789914,0,182.1905518638538,0,182.1905518638538,0
113,180.3906975638799,0,180.0614493106237,0,180.0614493106237,0
114,178.2562692417862,0,177.9323982465659,0,177.9323982465659,0
115,176.1233917428158,0,175.8049842584198,0,175.8049842584198,0
116,173.9936659136024,0,173.6808489359657,0,173.6808489359657,0
117,171.8686898889266,0,171.561553309556,0,171.561553309556,0
118,169.750073245703,0,169.4487392568564,0,169.4487392568564,0
119,167.639489217884,0,167.3440424186291,0,167.3440424186291,0
120,165.5387518029829,0,165.2493118935327,0,165.2493118935327,0
121,163.4497383394753,0,163.1663873973039,0,163.1663873973039,0
122,161.3743536628851,0,161.09721139551,0,161.09721139551,0
123,159.3146081995498,0,159.0437542221908,0,159.0437542221908,0
124,157.2726561638312,0,157.0081978627086,0,157.0081978627086,0
125,155.2508187924359,0,154.9928481283441,0,154.9928481283441,0
126,153.2516169213834,0,153.0002197798767,0,153.0002197798767,0
127,151.2778165468235,0,151.0331034528866,0,151.0331034528866,0
128,149.3324966060706,0,149.0945372072568,0,149.0945372072568,0
129,147.4191088427164,0,147.1880034539158,0,147.1880034539158,0
130,145.5416097147406,0,145.3174437032046,0,145.3174437032046,0
131,143.7046188082757,0,143.4874778341728,0,143.4874778341728,0
132,141.9137214333757,0,141.7036903812381,0,141.7036903812381,0
133,140.1760063063728,0,139.9731684129148,0,139.9731684129148,0
134,138.5013091271464,0,138.3057510131956,0,138.3057510131956,0
135,136.9071427268628,0,136.718940362419,0,136.718940362419,0
136,135.4238380187078,0,135.2430725474761,0,135.2430725474761,0
137,134.0269570542538,0,133.8537063764535,0,133.8537063764535,0
138,132.7031887200081,0,132.5375345022186,0,132.5375345022186,0
139,131.446187294049,0,131.2882050507964,0,131.2882050507964,0
140,130.2519102939232,0,130.101609934751,0,130.101609934751,0
141,129.1174979926332,0,128.9748733122067,0,128.9748733122067,0
142,128.0408183180026,0,127.9058511002516,0,127.9058511002516,0
143,127.0202068345148,0,126.8928775634886,0,126.8928775634886,0
144,126.0543379404492,0,125.9346279013513,0,125.9346279013513,0
145,125.1421382503118,0,125.0300214399159,0,125.0300214399159,0
146,124.2827060808025,0,124.1781289455951,0,124.1781289455951,0
147,123.4752702566639,0,123.3781916652307,0,123.3781916652307,0
148,122.7191729813019,0,122.6295267361459,0,122.6295267361459,0
149,122.0138232308285,0,121.9315426958352,0,121.9315426958352,0
150,121.3586719370709,0,121.2836761026571,0,121.2836761026571,0
151,120.7531981825167,0,120.6853885580558,0,120.6853885580558,0
152,120.1968822092574,0,120.136147265692,0,120.136147265692,0
153,119.6891863443377,0,119.6353979963201,0,119.6353979963201,0
154,119.2295195027718,0,119.182520015917,0,119.182520015917,0
155,118.8172105095514,0,118.7768390715519,0,118.7768390715519,0
156,118.4514693334201,0,118.4175037509427,0,118.4175037509427,0
157,118.1313459637559,0,118.1035457100477,0,118.1035457100477,0
158,117.8556391029484,0,117.8337206192656,0,117.8337206192656,0
159,117.6228311938905,0,117.6064099667597,0,117.6064099667597,0
160,117.4309144529496,0,117.4196035038599,0,117.4196035038599,0
161,117.2771621939731,0,117.2703805817147,0,117.2703805817147,0
162,117.1577017464193,0,117.1546369440091,0,117.1546369440091,0
163,117.0664841818532,0,117.0660300132636,0,117.0660300132636,0
164,116.9910875666942,0,116.9909751749211,0,116.9909751749211,0
165,116.9209446508813,0,116.9208338118239,0,116.9208338118239,0
166,116.855645999277,0,116.8555366056986,0,116.8555366056986,0
167,116.7951340725241,0,116.7950260184693,0,116.7950260184693,0
168,116.7393337132603,0,116.739226894426,0,116.739226894426,0
169,116.6881945678703,0,116.6880888810766,0,116.6880888810766,0
170,116.6416621942467,0,116.6415575375132,0,116.6415575375132,0
171,116.5996969048125,0,116.5995931770431,0,116.5995931770431,0
172,116.5622495192527,0,116.5621466204326,0,116.5621466204326,0
173,116.5292948006231,0,116.529192631306,0,116.529192631306,0
174,116.5007927611146,0,116.5006912227294,0,116.5006912227294,0
175,116.4767222302028,0,116.4766212246546,0,116.4766212246546,0
176,116.4570565960718,0,116.4569560258501,0,116.4569560258501,0
177,116.4417781841847,0,116.4416779521716,0,116.4416779521716,0
178,116.4308781873979,0,116.4307781966729,0,116.4307781966729,0
179,116.4243420582761,0,116.4242422122379,0,116.4242422122379,0
180,116.4221637688408,0,116.422063973491,0,116.422063973491,0
