loop:1,season:5.9346e+07,P_air:8.4663e-07,P_ice:0,P_rego:0.00699915,T_sub:104.81
0,230.5641250131302,0,232.2648270137366,0,232.7706457436169,0
1,230.5586779992808,0,232.3836700588364,0,232.6322876702021,0
2,230.5423424947784,0,232.4924634339538,0,232.4841178449913,0
3,230.5151262985281,0,232.5910568029117,0,232.3263588885381,0
4,230.4770425057005,0,232.6793171920033,0,232.1592991154287,0
5,230.4281095683837,0,232.7571292194595,0,231.9832321219223,0
6,230.3683482964592,0,232.8243892631745,0,231.7984670431174,0
7,230.2977879107861,0,232.8810038659351,0,231.605422674071,0
8,230.2164665260763,0,232.926936237519,0,231.4046455122713,0
9,230.1244226865817,0,232.9620980746197,0,231.1967968062082,0
10,230.0293009656875,0,232.9865228155362,0,230.9827283108047,0
11,229.9392435006985,0,233.0016100851849,0,229.9597973488976,0
12,229.8762117187631,0,233.0147099553325,0,228.8650150384065,0
13,229.8478011181591,0,233.0345954533572,0,227.8895588892627,0
14,229.8557609078807,0,233.0678359021964,0,227.0900282120685,0
15,229.898898978967,0,233.1187259603982,0,226.4715264612917,0
16,229.9747362304242,0,233.1896856042268,0,227.0424054644391,0
17,230.0797978820184,0,233.2818911962392,0,227.7298261605265,0
18,230.2279190195405,0,233.3954210901252,0,228.5032927224881,0
19,230.4083445965566,0,233.5291922395872,0,229.3169007077057,0
20,230.6153305669379,0,233.6820237229496,0,229.9981626189043,0
21,230.8462346920906,0,233.8524439221332,0,230.0952590970429,0
22,231.0986199395677,0,234.0389964556685,0,230.2080121288346,0
23,231.3702909086288,0,234.2402012847855,0,230.3516653031505,0
24,231.6594285918578,0,234.4548268326093,0,230.5095835422127,0
25,231.9649385925217,0,234.6822870767628,0,230.6811820641341,0
26,232.2876370999593,0,234.9237579403817,0,230.8677000400006,0
27,232.621250477108,0,235.1733053497368,0,231.0632203406929,0
28,232.9605729331714,0,235.4260244758423,0,231.2628415724508,0
29,233.3025530119114,0,235.6790604309638,0,231.4637756164857,0
30,233.6449452305809,0,235.9303883165392,0,231.6640077839992,0
31,233.985983981622,0,236.1784511174806,0,231.8619768988299,0
32,234.3242321842293,0,236.421933134386,0,232.0564286546361,0
33,234.6585001300641,0,236.6597824444763,0,232.246338139451,0
34,234.9877866524968,0,236.8911731585578,0,232.4308539238994,0
35,235.3112428656553,0,237.1153432953577,0,232.6092642130568,0
36,235.6281282724226,0,237.331627581826,0,232.7809547495236,0
37,235.9378074756384,0,237.5395387643854,0,232.9454071193677,0
38,236.2397211509999,0,237.7386076410295,0,233.1021709944963,0
39,236.5333771492317,0,237.9283919552785,0,233.2508563358346,0
40,236.8183378415839,0,238.1085189067695,0,233.3911215709426,0
41,237.0942169096158,0,238.278742694021,0,233.5366260741731,0
42,237.360663422135,0,238.4387571989127,0,233.7054912811665,0
43,237.6173649352962,0,238.5882783568441,0,233.8962736916801,0
44,237.8640376340501,0,238.7270887641573,0,234.1038123589433,0
45,238.1004228315717,0,238.8550641625453,0,234.3228553165089,0
46,238.3262879535739,0,238.9719889341841,0,234.5488792970071,0
47,238.541418223538,0,239.0776629776513,0,234.7782620649768,0
48,238.7456197352478,0,239.1719523205323,0,235.0081341410504,0
49,238.9387113651624,0,239.2548219832031,0,235.2362704452692,0
50,239.1205314457681,0,239.326110690519,0,235.4609278312116,0
51,239.2909282382841,0,239.3856611893972,0,235.680742624956,0
52,239.4497624446041,0,239.4333741805318,0,235.8946303730481,0
53,239.5969080444162,0,239.4693169925133,0,236.1016791723636,0
54,239.7322474588467,0,239.4933542638315,0,236.3012147062069,0
55,239.8556746349925,0,239.5053372049935,0,236.4926478301482,0
56,239.9670915867414,0,239.50516816224,0,236.675465632086,0
57,240.0664088195799,0,239.4930787973978,0,236.8492614105486,0
58,240.1535440970031,0,239.4689066296713,0,237.0136729307658,0
59,240.2284258004478,0,239.4324362300567,0,237.1683884545582,0
60,240.2909856949603,0,239.3836091134173,0,237.3131420699912,0
61,240.3411660565291,0,239.3230219722809,0,237.447684447356,0
62,240.3789128510899,0,239.250050693519,0,237.5718084162943,0
63,240.4041804056107,0,239.1647242549215,0,237.6853294335985,0
64,240.416928997489,0,239.0672312927406,0,237.788080116639,0
65,240.4171234329072,0,238.9577015897164,0,237.8799090009307,0
66,240.4047365732005,0,238.8358719175115,0,237.9606812025509,0
67,240.3797447667839,0,238.7018036821655,0,238.0302664037719,0
68,240.3421307214151,0,238.5556081863978,0,238.088587586023,0
69,240.2918826288476,0,238.39737774218,0,238.1355205125901,0
70,240.2289927759902,0,238.2269984475782,0,238.1709938251294,0
71,240.153459609448,0,238.0445164622681,0,238.1949315248073,0
72,240.0652845670492,0,237.8500275174308,0,238.2072570078288,0
73,239.9644751836052,0,237.6436285333608,0,238.2079341627226,0
74,239.8510418305687,0,237.4252746758993,0,238.1968807204038,0
75,239.7249983434438,0,237.1950121813826,0,238.174079682853,0
76,239.5863631845523,0,236.9529388136117,0,238.1394686947448,0
77,239.4351562899339,0,236.6991533455447,0,238.0930263939069,0
78,239.2713998011537,0,236.4336417434667,0,238.0347173784702,0
79,239.0951160200767,0,236.1564612901457,0,237.9645007124669,0
80,238.9063253051116,0,235.8677072315938,0,237.8823722372806,0
81,238.7050454894543,0,235.5674626861851,0,237.7882634414057,0
82,238.4912848348589,0,235.2557103820121,0,237.6821740804887,0
83,238.2650384231991,0,234.9325056195133,0,237.5640260119114,0
84,238.0262740329571,0,234.5979086167039,0,237.4337364063699,0
85,237.7749148287449,0,234.2519143262328,0,237.2912123475086,0
86,237.5108078001411,0,233.8944214633938,0,237.1362226600026,0
87,237.2336616034275,0,233.5253301541816,0,236.9684427224635,0
88,236.942944850355,0,233.144372898396,0,236.7873215990904,0
89,236.6377110596574,0,232.7508885632144,0,236.5918283345852,0
90,236.3163489373676,0,232.3437907386719,0,236.3803219150346,0
91,235.9762105807527,0,231.9211820754836,0,236.1501348387902,0
92,235.6132070243906,0,231.4795144712828,0,235.8970836472564,0
93,235.2213295353906,0,231.0146961055645,0,235.6150802129054,0
94,234.7921519187813,0,230.5185965278056,0,235.2956386105662,0
95,234.3143966395976,0,229.9710899565378,0,234.9273084148626,0
96,233.7732735187906,0,229.2098955143952,0,234.4951386512446,0
97,233.1499641832577,0,228.283412885429,0,233.9805092453534,0
98,232.4209413812835,0,227.2203841646882,0,233.3610798274752,0
99,231.5570191987599,0,225.9934480327925,0,232.6119251738687,0
100,230.522767370723,0,224.5821678116651,0,231.710454272887,0
101,229.1463524023436,0,223.0153402384434,0,230.6745705645482,0
102,227.6298191764278,0,221.4100189998743,0,229.5681451332441,0
103,226.0831788245629,0,219.7768282161873,0,228.1760796468649,0
104,224.506996529916,0,218.1163846959059,0,226.7345638349834,0
105,222.9018574803908,0,216.4293500065973,0,225.2634718169296,0
106,221.2683724346377,0,214.7163676882447,0,223.763325986866,0
107,219.6071680522415,0,212.9781478270201,0,222.2346621944532,0
108,217.9188953535815,0,211.215381443855,0,220.6780849049948,0
109,216.2042184451159,0,209.4288255832788,0,219.0943052625996,0
110,214.4638211964572,0,207.6192146210849,0,217.483912010761,0
111,212.6983997553164,0,205.7873238711592,0,215.8474964075629,0
112,210.9086635919809,0,203.933951779799,0,214.1857045533027,0
113,209.0953359603655,0,202.059895987529,0,212.4993604607,0
114,207.2591549188688,0,200.165994988157,0,210.789100104783,0
115,205.400865385282,0,198.2530998876494,0,209.0555287461908,0
116,203.5212312778419,0,196.3220761251523,0,207.2992985992988,0
117,201.6210283389397,0,194.3738292509045,0,205.5214246327062,0
118,199.7010478808121,0,192.409292762192,0,203.7225691442829,0
119,197.7620977327526,0,190.4294226121602,0,201.903248318834,0
120,195.8049999152246,0,188.4352216028461,0,200.0641597847874,0
121,193.8306005141881,0,186.4277276783502,0,198.2068995316201,0
122,191.839762655429,0,184.4080504149414,0,196.3314860814129,0
123,189.8333751403099,0,182.3773295001638,0,194.438837826089,0
124,187.8123473092166,0,180.3368051557447,0,192.5300607442647,0
125,185.7776200131108,0,178.2877678118417,0,190.6061293618979,0
126,183.7301590631583,0,176.2315811679117,0,188.6676745459347,0
127,181.670964984396,0,174.1697745012753,0,186.7157122198081,0
128,179.6010687650264,0,172.1040637450065,0,184.751316066743,0
129,177.5215423454791,0,170.0363813182194,0,182.7755622706967,0
130,175.4334969608154,0,167.9688616967548,0,180.7893626807891,0
131,173.3380945583127,0,165.9039705200238,0,178.7938426279885,0
132,171.2365401074361,0,163.8445598215369,0,176.790210874665,0
133,169.1300997319263,0,161.7939257897695,0,174.7797259749317,0
134,167.0201000134419,0,159.7559395529005,0,172.763562943377,0
135,164.9079408036988,0,157.7350959631385,0,170.7430616293084,0
136,162.7950935931646,0,155.7365906403112,0,168.7196754541504,0
137,160.6831243668377,0,153.766247314138,0,166.6949471389497,0
138,158.5736989998876,0,151.830154472278,0,164.6704020628089,0
139,156.4685994796626,0,149.93344880681,0,162.6477531623552,0
140,154.3697373565711,0,148.0759830212726,0,160.628876306393,0
141,152.2791835118439,0,146.2378926499564,0,158.6157897169179,0
142,150.1991839153233,0,144.4111915631544,0,156.6105897290501,0
143,148.1322016414935,0,142.5981930755953,0,154.615665286688,0
144,146.0809485068398,0,140.8014505587796,0,152.6336676209819,0
145,144.0484359228836,0,139.0238070269121,0,150.6675007551427,0
146,142.0380484221021,0,137.2684671351477,0,148.7203862555369,0
147,140.0536232747081,0,135.5390749422413,0,146.7960663834347,0
148,138.0995622432734,0,133.839823396689,0,144.8988302589569,0
149,136.1810065258935,0,132.1756264789897,0,143.0336156570838,0
150,134.3040601700964,0,130.5523391211232,0,141.206355326077,0
151,132.4761595713712,0,128.9771222874823,0,139.42431763107,0
152,130.7066752252611,0,127.4590390490977,0,137.6966145965912,0
153,129.0080625882484,0,126.0101979724489,0,136.0354172376114,0
154,127.3986015555339,0,124.6484823520451,0,134.4587266965489,0
155,125.915936365475,0,123.4110741865104,0,133.0037824632689,0
156,124.6006536023804,0,122.3380101985889,0,131.7106893175807,0
157,123.4108969447267,0,121.3867876868433,0,130.5370671938249,0
158,122.3301581220595,0,120.540120798291,0,129.4656849397219,0
159,121.350224921289,0,119.7888531651623,0,128.4874796459981,0
160,120.4659631043937,0,119.1266952175841,0,127.5962765041397,0
161,119.6738092539808,0,118.5486611589364,0,126.7871466036248,0
162,118.9710483659953,0,118.0502783427258,0,126.0557473182085,0
163,118.3553667449484,0,117.6270598305573,0,125.3976720615422,0
164,117.8246544099592,0,117.2742181583121,0,124.8082332296615,0
165,117.376761601684,0,116.9863370362949,0,124.2821406542486,0
166,117.0092201175086,0,116.7570426634345,0,123.8131045765282,0
167,116.7188518449914,0,116.5786718235965,0,123.3935979855611,0
168,116.5011412071751,0,116.4419987387034,0,123.0144893997989,0
169,116.349021180916,0,116.3361843527043,0,122.6650885151879,0
170,116.2495549181825,0,116.2494591991086,0,122.3337337054857,0
171,116.1731953112278,0,116.1731094909426,0,122.0118492075625,0
172,116.1055808124772,0,116.1054964722047,0,121.6979456279536,0
173,116.0464569570124,0,116.046373910895,0,121.3919130437864,0
174,115.9956115393354,0,115.9955296061525,0,121.0937031573848,0
175,115.9528716836809,0,115.9527906860128,0,120.8033143094694,0
176,115.9180919207937,0,115.9180116844002,0,120.5207691506277,0
177,115.8911575385489,0,115.8910778917062,0,120.2461509632982,0
178,115.8719791161681,0,115.8718998891043,0,119.9795823071173,0
179,115.8604987186906,0,115.860419742921,0,119.721224799485,0
180,115.8566734715315,0,115.8565945994957,0,119.4712894581919,0
