loop:1,season:5.93454e+07,P_air:8.46552e-07,P_ice:0,P_rego:0.00699915,T_sub:104.81
0,230.5668105948839,0,232.2642199748185,0,232.7804863813705,0
1,230.5613631634316,0,232.3830462473692,0,232.6420229033076,0
2,230.5450264070797,0,232.4918241166831,0,232.493746030532,0
3,230.5178081257769,0,232.590403157893,0,232.3358296749601,0
4,230.4797214164259,0,232.6786503183147,0,232.1685257565304,0
5,230.4307847335674,0,232.75645014705,0,231.9921385459596,0
6,230.3710188895722,0,232.823698959798,0,231.8070525661412,0
7,230.300453109207,0,232.8803032394634,0,231.6136869878611,0
8,230.2191255126222,0,232.9262261744211,0,231.4125887794198,0
9,230.1270746490998,0,232.9613793983533,0,231.2044197497355,0
10,230.031692234072,0,232.9857922041736,0,230.9900281865886,0
11,229.9415924154151,0,233.0008607306762,0,229.9658946786462,0
12,229.8784873839996,0,233.0139286854698,0,228.8702604100384,0
13,229.8499887845754,0,233.0337717740628,0,227.8940077370444,0
14,229.8578519976009,0,233.0669635177004,0,227.093770203692,0
15,229.9008882572864,0,233.1178026233756,0,226.4746551572447,0
16,229.9766205008788,0,233.188712360477,0,227.0456419552175,0
17,230.0815752434155,0,233.280871962052,0,227.7332273961472,0
18,230.2298757942596,0,233.394352125641,0,228.5068890450316,0
19,230.4102241554253,0,233.5280750459842,0,229.3207000906924,0
20,230.617137743902,0,233.6808620332823,0,230.0020691398005,0
21,230.8479742321529,0,233.851241798424,0,230.0988978243896,0
22,231.1002964480031,0,234.0377581858246,0,230.2116652361998,0
23,231.3719088329546,0,234.2389312287978,0,230.3550825382081,0
24,231.6609922517947,0,234.453529407163,0,230.5127676272909,0
25,231.9664523018879,0,234.6809668576624,0,230.6841359307976,0
26,232.2891055685038,0,234.9224199812609,0,230.8704271970587,0
27,232.6226771642793,0,235.1719535461594,0,231.0657232027002,0
28,232.961960269628,0,235.4246617777976,0,231.2651216622873,0
29,233.3039028731174,0,235.6776892519032,0,231.4658340246841,0
30,233.6462591056982,0,235.9290107351383,0,231.6658453268229,0
31,233.9872630704334,0,236.1770689767149,0,231.8635942067113,0
32,234.3254774614864,0,236.4205480470952,0,232.0578262297234,0
33,234.6597123928975,0,236.6583958615977,0,232.2475163974885,0
34,234.9889665556837,0,236.8897864404505,0,232.4318132249443,0
35,235.3123909496619,0,237.1139576762074,0,232.6100048857888,0
36,235.6292449822896,0,237.3302441841304,0,232.7814771069214,0
37,235.9388931798327,0,237.5381586789876,0,232.9457114748683,0
38,236.2407761542338,0,237.7372318979081,0,233.1022576725031,0
39,236.5344017037489,0,237.9270215062494,0,233.250725681041,0
40,236.8193321559749,0,238.1071546485321,0,233.3907739554017,0
41,237.0951811572542,0,238.2773855380841,0,233.5360728405083,0
42,237.3615977462774,0,238.437408003568,0,233.7047582191113,0
43,237.6182694551459,0,238.586937921974,0,233.8953856832389,0
44,237.8649124487874,0,238.7257578664776,0,234.1027904484809,0
45,238.1012680237726,0,238.8537436135505,0,234.3217166247518,0
46,238.3271035930135,0,238.9706794929563,0,234.5476375768852,0
47,238.5422043692355,0,239.0763653520468,0,234.7769283971242,0
48,238.746376438332,0,239.170667206331,0,235.0067175113828,0
49,238.9394386699957,0,239.2535501335083,0,235.2347782421213,0
50,239.1212293926847,0,239.3248528049007,0,235.4593662114318,0
51,239.2915968642316,0,239.3844179104596,0,235.6791168049814,0
52,239.4504017844282,0,239.432146131357,0,235.8929448400047,0
53,239.5975181323968,0,239.4681048988119,0,236.0999378110923,0
54,239.7328283291829,0,239.4921587893561,0,236.2994209799306,0
55,239.8562263230386,0,239.5041589335672,0,236.4908048399682,0
56,239.9676141294945,0,239.5040076323113,0,236.6735761713807,0
57,240.0669022563004,0,239.4919367543715,0,236.847328042618,0
58,240.1540084695864,0,239.4677837119681,0,237.0116980187614,0
59,240.2288611545909,0,239.4313329207037,0,237.1663741942604,0
60,240.2913920797022,0,239.3825258601536,0,237.3110905229333,0
61,240.3415435254416,0,239.3219596941731,0,237.4455975470608,0
62,240.3792614619303,0,239.2490098211895,0,237.5696879983321,0
63,240.4045002210598,0,239.16370523674,0,237.6831772477339,0
64,240.417220085354,0,239.0662347156669,0,237.7858978360217,0
65,240.4173858660153,0,238.956728129697,0,237.8776982310924,0
66,240.4049704301105,0,238.8349220260537,0,237.9584434889534,0
67,240.379950131466,0,238.7008778378666,0,238.0280032324672,0
68,240.3423076835981,0,238.554706929582,0,238.0863004209006,0
69,240.2920312841757,0,238.3965016560458,0,238.1332107543277,0
70,240.2291132258713,0,238.2261479934038,0,238.1686628493508,0
71,240.1535519613825,0,238.0436921005266,0,238.1925806740089,0
72,240.0653489342417,0,237.8492297440869,0,238.2048875882204,0
73,239.9645116852936,0,237.6428578765383,0,238.2055474715435,0
74,239.8510505916146,0,237.4245315823478,0,238.1944780071358,0
75,239.724979494073,0,237.1942970850698,0,238.1716621974032,0
76,239.5863168603659,0,236.9522521726941,0,238.1370376482785,0
77,239.4350826312059,0,236.6984956415104,0,238.0905829890968,0
78,239.2712989523002,0,236.4330133906903,0,238.0322627962047,0
79,239.0949881286636,0,236.1558626908859,0,237.9620361063546,0
80,238.906170520387,0,235.8671388060353,0,237.8798987624766,0
81,238.7048639607526,0,235.5669248635614,0,237.7857822045017,0
82,238.4910767084009,0,235.2552035264853,0,237.679686197244,0
83,238.264803838073,0,234.9320300936204,0,237.5615325524356,0
84,238.0260131138791,0,234.5974647996411,0,237.4312384055202,0
85,237.7746276748724,0,234.2515025867656,0,237.288710820664,0
86,237.5104944666842,0,233.8940421260371,0,237.1337185359152,0
87,237.2333220690738,0,233.5249835764392,0,236.965936845745,0
88,236.9425789614766,0,233.1440594720258,0,236.7848146850518,0
89,236.6373184345561,0,232.7506086356029,0,236.5893208224595,0
90,236.3159288135118,0,232.3435446481008,0,236.3778138579646,0
91,235.9757615771312,0,231.920970090645,0,236.1476256739354,0
92,235.6127268115302,0,231.4793362972664,0,235.8945718069146,0
93,235.2208143960833,0,231.0145515232689,0,235.6125626968441,0
94,234.791596195186,0,230.5184835708366,0,235.2931104482819,0
95,234.3137920812871,0,229.970752801137,0,234.9247619246686,0
96,233.772608479818,0,229.2095717568674,0,234.4925626465076,0
97,233.1492227015216,0,228.2830471992418,0,233.9778883949413,0
98,232.4201021024886,0,227.2199520764321,0,233.358394354091,0
99,231.5560540835342,0,225.9929242288596,0,232.6091519696603,0
100,230.5216402681251,0,224.5815339046382,0,231.7075721953185,0
101,229.1448779598363,0,223.014691097192,0,230.6716679397198,0
102,227.6283247107015,0,221.4094098374689,0,229.5650696167294,0
103,226.0816650230673,0,219.7762597619658,0,228.1730326505997,0
104,224.5054640909122,0,218.1158576886678,0,226.7315346587292,0
105,222.9003071134388,0,216.4288652109041,0,225.260461763996,0
106,221.2668048613625,0,214.715925868664,0,223.7603363332237,0
107,219.6055840064684,0,212.9777497802695,0,222.2316941871699,0
108,217.9172955820292,0,211.2150279731106,0,220.675139790228,0
109,216.2026037073523,0,209.428517531594,0,219.0913843434868,0
110,214.4621922652954,0,207.6189528460524,0,217.4810165593715,0
111,212.6967574167213,0,205.7871092632403,0,215.8446276585709,0
112,210.9070086450456,0,203.9337852690368,0,214.1828637295764,0
113,209.0936692173186,0,202.0597785351611,0,212.4965488750556,0
114,207.2574772051483,0,200.1659276035469,0,210.7863190339576,0
115,205.3991775390873,0,198.2530836321132,0,209.0527794069161,0
116,203.5195341504808,0,196.3221121101318,0,207.2965821658647,0
117,201.6193227947017,0,194.3739186561504,0,205.5187424545986,0
118,199.6993347970837,0,192.4094368443328,0,203.7199225175377,0
119,197.7603780001893,0,190.4296227093559,0,201.9006383851254,0
120,195.8032744377638,0,188.4354791558984,0,200.0615876351983,0
121,193.828870209702,0,186.4280442390796,0,198.2043667500752,0
122,191.8380284559051,0,184.408427681143,0,196.3289937547661,0
123,189.8316379925873,0,182.3777204438848,0,194.4363870876174,0
124,187.8106081753687,0,180.337126342972,0,192.5276528777634,0
125,185.7758798715309,0,178.2879464814124,0,190.6037657015987,0
126,183.7284189091941,0,176.2316199507038,0,188.6653562483122,0
127,181.6692258315994,0,174.169676422179,0,186.7134404824428,0
128,179.5993316460951,0,172.103832321906,0,184.749092146336,0
129,177.5198083138523,0,170.0360206736715,0,182.7733874609594,0
130,175.4317670921218,0,167.9683766616299,0,180.7872381876755,0
131,173.3363699525208,0,165.9033668109695,0,178.7917696731876,0
132,171.2348218904468,0,163.843844257005,0,176.7881907226256,0
133,169.1283890582929,0,161.793106531839,0,174.7777599289447,0
134,167.0183980689722,0,159.7550264306927,0,172.7616522592691,0
135,164.906248808814,0,157.7341008194079,0,170.7412075762526,0
136,162.7934128060534,0,155.7355277267802,0,168.7178793445649,0
137,160.6814560879968,0,153.7651336290264,0,166.6932103306484,0
138,158.5720445768843,0,151.8290098692302,0,164.6687258919549,0
139,156.4669603128068,0,149.9322953394493,0,162.6461389946435,0
140,154.3681149052902,0,148.0748415904047,0,160.6273255654885,0
141,152.277579302799,0,146.2367706726003,0,158.6143038836017,0
142,150.1975995513112,0,144.4100902506527,0,156.6091702917427,0
143,148.1306388128121,0,142.5971137080523,0,154.6143138018402,0
144,146.0794090043836,0,140.8003944960027,0,152.6323857370864,0
145,144.0469216541636,0,139.0227757219057,0,150.6662902026296,0
146,142.0365614316005,0,137.2674621514865,0,148.7192488360641,0
147,140.0521657688696,0,135.5380979755201,0,146.7950040411242,0
148,138.0981366221224,0,133.838876301903,0,144.8978451058423,0
149,136.1796154252763,0,132.1747113076628,0,143.0327099646426,0
150,134.3027065175428,0,130.5514581709374,0,141.2055316077617,0
151,132.4748466649293,0,128.9762781734263,0,139.4235787312016,0
152,130.705406850252,0,127.4582348106049,0,137.6959637605978,0
153,129.0068432076011,0,126.0094372514653,0,136.0348582978838,0
154,127.3974366774858,0,124.647769744621,0,134.4582644578541,0
155,125.9148337970805,0,123.4104164735848,0,133.0034238955,0
156,124.5996236208927,0,122.337416484794,0,131.7104437005799,0
157,123.4099468578626,0,121.3862639270662,0,130.5369406773083,0
158,122.3292938983229,0,120.5396713806647,0,129.4656820835818,0
159,121.3494516915354,0,119.7884813523991,0,128.4876038852106,0
160,120.4652853084002,0,119.1264032179758,0,127.59653023252,0
161,119.6732306708527,0,118.548450063703,0,126.7875310747849,0
162,118.9705720727154,0,118.0501479735767,0,126.0562625380908,0
163,118.3549950098998,0,117.6270085080185,0,125.398316525488,0
164,117.8243885195142,0,117.2742424020516,0,124.8090036344481,0
165,117.3766015854418,0,116.9864311968186,0,124.2830315457074,0
166,117.0091643119109,0,116.7571985044519,0,123.8141079054184,0
167,116.7188961696152,0,116.5788781157124,0,123.3947027333037,0
168,116.5012778569771,0,116.4422410320562,0,123.0156813247655,0
169,116.3492358240256,0,116.3364453924298,0,122.6663506016669,0
170,116.2498167198424,0,116.2497216085889,0,122.3350488212386,0
171,116.173452718752,0,116.1733668923911,0,122.013211242878,0
172,116.105833780997,0,116.1057494347471,0,121.699355450516,0
173,116.0467060439526,0,116.0466229919437,0,121.3933715317116,0
174,115.9958572881891,0,115.9957753491886,0,121.0952112139205,0
175,115.9531146265919,0,115.9530336231683,0,120.8048728699197,0
176,115.9183325803553,0,115.9182523382568,0,120.5223791820537,0
177,115.8913964298235,0,115.8913167773149,0,120.2478134849293,0
178,115.8722167483472,0,115.8721375156455,0,119.9812984005581,0
179,115.8607355971625,0,115.8606566157716,0,119.7229956153649,0
180,115.8569100988821,0,115.8568312212305,0,119.4731162383771,0
