loop:1,season:5.93452e+07,P_air:8.46526e-07,P_ice:0,P_rego:0.00699915,T_sub:104.81
0,230.5677057352626,0,232.2641441305838,0,232.783767979542,0
1,230.5622581646174,0,232.3829686339005,0,232.6452693482889,0
2,230.5459209910064,0,232.4917451167211,0,232.4969157978389,0
3,230.5187020147262,0,232.5903231234469,0,232.3388973707336,0
4,230.480614333257,0,232.6785695739133,0,232.1714909728372,0
5,230.4316764019571,0,232.7563689930393,0,231.9950009709687,0
6,230.3719090340269,0,232.8236176746667,0,231.8098120046303,0
7,230.3013414555361,0,232.880222080628,0,231.6163433686864,0
8,230.2200117884477,0,232.9261453910722,0,231.4151421872176,0
9,230.1279585837208,0,232.9612992175935,0,231.2068704547998,0
10,230.0324891761654,0,232.9857115007326,0,230.9923753328413,0
11,229.9423752609977,0,233.0007771573448,0,229.9678447368172,0
12,229.8792458222763,0,233.0138378022743,0,228.8719305796883,0
13,229.8507178959759,0,233.0336700312009,0,227.8954165297136,0
14,229.8585489211751,0,233.0668487637782,0,227.0949475447358,0
15,229.9015512470868,0,233.1176740557926,0,226.4756322684465,0
16,229.9772484907002,0,233.1885702736981,0,227.0466593200618,0
17,230.0821675990093,0,233.2807176067642,0,227.7343040248542,0
18,230.2305280327314,0,233.3941841626529,0,228.5080350379625,0
19,230.4108506543932,0,233.5278939501127,0,229.3219181546079,0
20,230.6177401146982,0,233.6806689905319,0,230.0033273015233,0
21,230.8485540565017,0,233.8510381036451,0,230.1001594890452,0
22,231.10085526108,0,234.0375452083584,0,230.2128478012996,0
23,231.372448117368,0,234.2387103612034,0,230.356190843647,0
24,231.6615134475686,0,234.4533020600998,0,230.5138025899484,0
25,231.9669568470956,0,234.6807344940528,0,230.6850985359933,0
26,232.2895950332297,0,234.9221842225529,0,230.8713186212337,0
27,232.6231527017887,0,235.1717156269637,0,231.0665442561602,0
28,232.9624226902133,0,235.4244226167487,0,231.2658728567356,0
29,233.3043528019861,0,235.6774495880374,0,231.4665157263516,0
30,233.6466970392773,0,235.9287711951824,0,231.6664578091658,0
31,233.9876894086814,0,236.1768301081368,0,231.8641376798943,0
32,234.3258925293445,0,236.420310319972,0,232.0583008598036,0
33,234.6601164560954,0,236.6581596913871,0,232.2479223203778,0
34,234.9893598324959,0,236.8895522117942,0,232.4321505566495,0
35,235.3127736202567,0,237.1137257310776,0,232.6102737305173,0
36,235.6296171950246,0,237.3300148266792,0,232.7816775623088,0
37,235.9392550575393,0,237.5379322022584,0,232.9458436373667,0
38,236.2411277984906,0,237.7370085741135,0,233.1023216408873,0
39,236.5347431986439,0,237.9268015810226,0,233.2507215595189,0
40,236.8196635710445,0,238.1069383486333,0,233.3907018559745,0
41,237.0955025502951,0,238.2771730947429,0,233.5359365326161,0
42,237.3619091650472,0,238.4371996298172,0,233.7045662890884,0
43,237.6185709393838,0,238.5867338109396,0,233.8951464133638,0
44,237.8652040315582,0,238.7255582031545,0,234.1025108398333,0
45,238.1015497326061,0,238.85354859415,0,234.321402368536,0
46,238.3273754511727,0,238.9704892958489,0,234.5472932398131,0
47,238.5424663963977,0,239.0761801381808,0,234.7765576533758,0
48,238.7466286515447,0,239.1704871323116,0,235.0063233352386,0
49,238.9396810840507,0,239.253375374766,0,235.2343630737679,0
50,239.1214620210311,0,239.3246835187421,0,235.4589320790649,0
51,239.2918197191898,0,239.384254234946,0,235.6786654218882,0
52,239.4506148776178,0,239.431988197815,0,235.8924776749759,0
53,239.5977214752488,0,239.4679528725949,0,236.0994561307942,0
54,239.7330219331016,0,239.4920128149765,0,236.2989259091678,0
55,239.8564101998134,0,239.5040191287263,0,236.4902973815351,0
56,239.9677882914623,0,239.5038740994468,0,236.6730572242134,0
57,240.0670667165526,0,239.4918096648352,0,236.8467984276992,0
58,240.1541632420928,0,239.4676632013481,0,237.0111584891123,0
59,240.2290062545883,0,239.4312190727024,0,237.1658254458833,0
60,240.2915275235417,0,239.3824187466682,0,237.3105332058695,0
61,240.3416693309851,0,239.3218595442784,0,237.4450322674815,0
62,240.3793776484349,0,239.2489167010708,0,237.5691153285755,0
63,240.4046068094237,0,239.1636192185353,0,237.6825977303676,0
64,240.4173170981843,0,239.0661559177921,0,237.7853119869208,0
65,240.4174733275922,0,238.9566567003268,0,237.8771065424528,0
66,240.4050483666248,0,238.8348580386148,0,237.957846431822,0
67,240.3800185709123,0,238.7008213749484,0,238.0274012569758,0
68,240.3423666558905,0,238.5546580945115,0,238.0856939687022,0
69,240.2920808211999,0,238.3964605666235,0,238.1326002449199,0
70,240.2291533614345,0,238.226114726967,0,238.1680486928165,0
71,240.1535827313221,0,238.0436667343652,0,238.1919632683388,0
72,240.065370376297,0,237.8492123675724,0,238.2042673182741,0
73,239.9645238392143,0,237.6428485900349,0,238.2049247181753,0
74,239.8510534990254,0,237.4245304593716,0,238.1938531342747,0
75,239.7249731983861,0,237.1943041951881,0,238.1710355681386,0
76,239.5863014067854,0,236.9522675938778,0,238.1364096118135,0
77,239.4350580664932,0,236.6985194598716,0,238.0899538908537,0
78,239.2712653245972,0,236.4330456703402,0,238.031632973409,0
79,239.0949454871618,0,236.1559034923003,0,237.9614058862199,0
80,238.9061189148382,0,235.8671881960959,0,237.8792684718353,0
81,238.704803440937,0,235.566982912618,0,237.7851521531118,0
82,238.4910073230602,0,235.2552702836585,0,237.6790566970609,0
83,238.2647256335705,0,234.9321056079843,0,237.5609038993489,0
84,238.0259261317862,0,234.5975491263434,0,237.4306108828407,0
85,237.7745319482392,0,234.2515957780167,0,237.288084704405,0
86,237.5103900139089,0,233.8941442198544,0,237.133094072419,0
87,237.2332088830427,0,233.5250946224321,0,236.9653142525354,0
88,236.9424569909635,0,233.1441795318467,0,236.7841941357997,0
89,236.6371875522997,0,232.7507377567568,0,236.5887023980624,0
90,236.3157887652857,0,232.3436828757471,0,236.3771975098964,0
91,235.9756119025177,0,231.9211174474755,0,236.1470111476242,0
92,235.6125667339087,0,231.479492618809,0,235.8939585121099,0
93,235.2206426761837,0,231.0147166712107,0,235.6119495650613,0
94,234.7914109467611,0,230.518656825094,0,235.2924957535505,0
95,234.3135905537619,0,229.9708487747254,0,234.9241430365336,0
96,233.7723867906042,0,229.2096696322555,0,234.4919357654238,0
97,233.1489755290924,0,228.2831284659116,0,233.9772483391127,0
98,232.4198223276443,0,227.2200085139648,0,233.3577344590168,0
99,231.5557323583751,0,225.9929473383008,0,232.6084644603807,0
100,230.5212645404816,0,224.5815174985602,0,231.7068499528247,0
101,229.1443864876315,0,223.0146667751504,0,230.670940371541,0
102,227.6278265653178,0,221.4093959125849,0,229.564285893263,0
103,226.0811604336479,0,219.776256419788,0,228.1722597774408,0
104,224.5049532902038,0,218.1158651188108,0,226.7307689935411,0
105,222.8997903379539,0,216.4288836125014,0,225.2597036668949,0
106,221.2662823516352,0,214.7159554417963,0,223.7595861548453,0
107,219.605056007099,0,212.9777907367,0,222.2309522681709,0
108,217.9167623419154,0,211.2150805277341,0,220.6744064706432,0
109,216.2020654796744,0,209.4285819135977,0,219.0906599820575,0
110,214.4616493076487,0,207.6190292904814,0,217.4803015042065,0
111,212.6962099910844,0,205.7871980171259,0,215.8439222450598,0
112,210.9064570177729,0,203.93388659365,0,214.1821682889462,0
113,209.0931136591425,0,202.0598927032308,0,212.4958637683262,0
114,207.2569179912041,0,200.1660549049206,0,210.7856446099383,0
115,205.3986149487637,0,198.2532243750469,0,209.0521159942506,0
116,203.5189684675354,0,196.3222666206953,0,207.2959300789115,0
117,201.618754307219,0,194.3740872843038,0,205.5181020660303,0
118,199.6987637975135,0,192.4096199667976,0,203.7192941821178,0
119,197.7598047854037,0,190.4298207311796,0,201.9000224060807,0
120,195.8026993090621,0,188.4356925175063,0,200.0609842988465,0
121,193.8282934730278,0,186.4282734190811,0,198.2037765070684,0
122,191.8374504219068,0,184.4086322335596,0,196.3284168900064,0
123,189.8310589768631,0,182.3778760497322,0,194.4358239015203,0
124,187.8100284985946,0,180.3372336652443,0,192.5271037209939,0
125,185.7752998598223,0,178.2880062782391,0,190.6032309417205,0
126,183.7278388943174,0,176.2316330992844,0,188.6648361937147,0
127,181.6686461513886,0,174.1696439311024,0,186.7129354553497,0
128,179.5987526447656,0,172.1037553641581,0,184.7486024888355,0
129,177.5192303425328,0,170.0359006238767,0,182.7729135276543,0
130,175.4311905093367,0,167.9682151306121,0,180.7867803041,0
131,173.3357951249076,0,165.903165704931,0,178.7913281703423,0
132,171.2342491932865,0,163.8436058495648,0,176.7877659460122,0
133,169.1278188764165,0,161.7928335446738,0,174.7773522372824,0
134,167.0178307976284,0,159.7547221413861,0,172.7612619957371,0
135,164.9056848547885,0,157.7337691770283,0,170.7408350887907,0
136,162.7928525887207,0,155.7351734837129,0,168.7175249958667,0
137,160.6809000408333,0,153.7647624535296,0,166.6928744989006,0
138,158.5714931490557,0,151.8286283817584,0,164.6684089485013,0
139,156.4664139710592,0,149.9319108940807,0,162.6458413210749,0
140,154.3675741360746,0,148.0744611567783,0,160.6270475631475,0
141,152.2770446149769,0,146.2363967238908,0,158.6140459733193,0
142,150.1970714791219,0,144.4097231906105,0,156.6089328973605,0
143,148.1301179196612,0,142.5967539633471,0,154.6140973703692,0
144,146.0788958872079,0,140.8000425198705,0,152.6321907467351,0
145,144.0464169487711,0,139.0224319986467,0,150.6661171594538,0
146,142.0360658194556,0,137.2671272022558,0,148.7190982704142,0
147,140.0516799854233,0,135.5377723654781,0,146.7948765314198,0
148,138.0976614673515,0,133.8385606493417,0,144.8977412870744,0
149,136.179151777764,0,132.1744062963816,0,143.0326305255666,0
150,134.3022553531001,0,130.5511645667866,0,141.2054773184323,0
151,132.4744090828732,0,128.9759968480232,0,139.4235504726279,0
152,130.7049841123248,0,127.457966777047,0,137.6959625481715,0
153,129.0064368014172,0,126.0091837236871,0,136.0348853433535,0
154,127.3970484391027,0,124.647532254595,0,134.4583212978244,0
155,125.914466328852,0,123.4101972815975,0,133.0035127890447,0
156,124.5992803485966,0,122.3372186257129,0,131.7105676775348,0
157,123.4096302173733,0,121.3860893857751,0,130.5371017248519,0
158,122.3290058790729,0,120.5395216197447,0,129.4658816596998,0
159,121.3491940037075,0,119.7883574592391,0,128.4878430736869,0
160,120.4650594317803,0,119.1263059284311,0,127.5968097708663,0
161,119.6730378649586,0,118.5483797411989,0,126.7878513212286,0
162,118.9704133629689,0,118.0501045582797,0,126.0566234357604,0
163,118.3548711521174,0,117.6269914395931,0,125.3987175147645,0
164,117.8242999420786,0,117.2742505197492,0,124.8094435569761,0
165,117.3765482976738,0,116.9864626166923,0,124.2835085269375,0
166,117.0091457585399,0,116.757250480141,0,123.8146192065743,0
167,116.7189109894147,0,116.5789469030399,0,123.3952446266812,0
168,116.501323446562,0,116.4423218133717,0,123.016249009305,0
169,116.349307402931,0,116.3365324155,0,122.6669383530326,0
170,116.2499039975685,0,116.2498090826155,0,122.3356508792839,0
171,116.1735385253107,0,116.1734526969245,0,122.0138255267338,0
172,116.105918107822,0,116.1058337595795,0,121.6999822007625,0
173,116.0467890768604,0,116.0467060228876,0,121.3940109933909,0
174,115.9959392083523,0,115.9958572674125,0,121.0958636415285,0
175,115.9531956113994,0,115.9531146060572,0,120.8055385297293,0
176,115.9184128040126,0,115.9183325600125,0,120.5230583520284,0
177,115.8914760640257,0,115.8913964096285,0,120.2485064615435,0
178,115.8722959628324,0,115.8722167282512,0,119.9820055022135,0
179,115.8608145604008,0,115.8607355771361,0,119.7237171846206,0
180,115.8569889784096,0,115.8569100988859,0,119.473852649369,0
