loop:1,season:59345780,P_air:1.925115120916622e-10,P_ice:0,P_rego:0.0009999998074884879,T_sub:81.89757975031685
0,262.2837433533825,0,261.9900529168741,0,262.6881767316724,0
1,262.271792805819,0,262.0061570449919,0,262.6445216756429,0
2,262.2359550171251,0,262.0000776066721,0,262.5787075518607,0
3,262.1762313004418,0,261.9717272744958,0,262.4908733091315,0
4,262.0926506515018,0,261.9210463100783,0,262.3811910024687,0
5,261.9852295205006,0,261.8479615789647,0,262.2498431844731,0
6,261.8540119668482,0,261.752427483646,0,262.0969808620023,0
7,261.6990343247658,0,261.6344339520647,0,261.9228234574118,0
8,261.5203404944924,0,261.493935246058,0,261.7276406772054,0
9,261.3179971769896,0,261.3309385681729,0,261.5117610161545,0
10,261.0920583009853,0,261.1454480969812,0,261.2755248371161,0
11,260.8426057487418,0,260.9374731207731,0,261.019318773851,0
12,260.5697085564614,0,260.7070351926449,0,260.7436066235125,0
13,260.2734585882961,0,260.4541943170345,0,260.4488914211979,0
14,259.953950160766,0,260.1789609642337,0,260.1357668161,0
15,259.6112851894019,0,259.8814336265842,0,259.8048966831342,0
16,259.2455678934385,0,259.5616292253374,0,259.4570335771958,0
17,258.8572679663867,0,259.2196739477157,0,258.9298856474443,0
18,258.4568939597771,0,258.8564126834953,0,257.8687519564659,0
19,258.0562216185015,0,258.4748786814281,0,256.6938122319592,0
20,257.6603620797811,0,258.0787003456932,0,255.4854675381648,0
21,257.2721128047029,0,257.6713704666579,0,254.3726758929877,0
22,256.8930644511935,0,257.2558787014858,0,253.3490249661106,0
23,256.5240663639068,0,256.8348306046254,0,253.0391599612805,0
24,256.1654833453484,0,256.4102628364668,0,253.4095736790006,0
25,255.8173468596757,0,255.9838988026175,0,253.8232276060041,0
26,255.4794731648738,0,255.556987431243,0,254.2830893199204,0
27,255.1515056463834,0,255.1305743440814,0,254.6766328267292,0
28,254.8329961375249,0,254.7053389741021,0,254.94658842876,0
29,254.5234127780011,0,254.2818275970987,0,254.782455522171,0
30,254.2221764062193,0,253.8603627607026,0,254.4906823789129,0
31,253.9286854565463,0,253.4411053904685,0,254.2003332766427,0
32,253.6423192711848,0,253.0241985950113,0,253.9114518403364,0
33,253.3624604721438,0,252.6095382156175,0,253.6239975233734,0
34,253.0884812216943,0,252.1971356120545,0,253.3378440346077,0
35,252.8197842103283,0,251.7867760926719,0,253.0528310535388,0
36,252.5557806602066,0,251.3783191392665,0,252.7687515638462,0
37,252.295901478889,0,250.971597517708,0,252.4853710483205,0
38,252.0396202743242,0,250.5662981602072,0,252.2024573807478,0
39,251.7864313887133,0,250.1623832184127,0,251.9197647311179,0
40,251.5358640260097,0,249.7594612704185,0,251.6370526786736,0
41,251.2875303735388,0,249.3575202175894,0,251.3541385547772,0
42,251.0411766990684,0,248.9565058851369,0,251.0709521224767,0
43,250.7967249402512,0,248.5563576911042,0,250.7875801918969,0
44,250.5544015932236,0,248.1578866898186,0,250.504398068557,0
45,250.3153700105614,0,247.7617575472013,0,250.2227039597267,0
46,250.0822053982557,0,247.3716543544291,0,249.9451958537925,0
47,249.8497568042458,0,246.9816224653032,0,249.6668360575532,0
48,249.6149687934057,0,246.5894126276194,0,249.3846726243389,0
49,249.3760233327805,0,246.1929354524862,0,249.0969828332139,0
50,249.1315738332301,0,245.7911490721995,0,248.8025083978867,0
51,248.8805563998284,0,245.3831246753707,0,248.500267593463,0
52,248.6221043347418,0,244.9679706513668,0,248.1894704822495,0
53,248.3554923854025,0,244.5452531892886,0,247.8694637688768,0
54,248.0800948610076,0,244.1142751458154,0,247.5396894366485,0
55,247.7953850429533,0,243.6747229232238,0,247.1996846046426,0
56,247.5009042267281,0,243.2261992626449,0,246.8490509555551,0
57,247.1962606367108,0,242.7683708001022,0,246.4874539891791,0
58,246.8811153000185,0,242.3010755875165,0,246.1146091906344,0
59,246.555175229212,0,241.8240027633382,0,245.7302754705263,0
60,246.2181831677656,0,241.3370755950014,0,245.3342451410632,0
61,245.8699320748686,0,240.8401037763377,0,244.9263585984841,0
62,245.510227891867,0,240.3330078736428,0,244.506976481041,0
63,245.1389340990928,0,239.8157468759331,0,244.0868518522848,0
64,244.7559214242206,0,239.2882385446539,0,243.6738934849562,0
65,244.3610940192186,0,238.7505334439231,0,243.2693369899939,0
66,243.9543926438979,0,238.2026132104498,0,242.8722659248921,0
67,243.5357644856553,0,237.644613888958,0,242.4810699138003,0
68,243.1052004227451,0,237.0766326229214,0,242.0940555570057,0
69,242.6627059334799,0,236.4989683167094,0,241.709430592548,0
70,242.208330573097,0,235.9119889031856,0,241.3255753000285,0
71,241.7421506131404,0,235.3163954067847,0,240.9410681224576,0
72,241.2642929693764,0,234.7132218330863,0,240.5546738402741,0
73,240.7754457162719,0,234.1047354340461,0,240.1658819105988,0
74,240.2780893387568,0,233.4957517334888,0,239.7761292559414,0
75,239.7742474354658,0,232.8919120198071,0,239.3865158149366,0
76,239.2660848850864,0,232.3015054382834,0,238.9984045927592,0
77,238.7556783011315,0,231.7348720505359,0,238.6131703005869,0
78,238.2448420690027,0,231.2077106198031,0,238.2320100563112,0
79,237.7353491986727,0,230.7425192692389,0,237.8561704088711,0
80,237.2286884703975,0,230.3716511280699,0,237.4866397591058,0
81,236.7263736411382,0,230.1427947453239,0,237.124540033939,0
82,236.2297394074339,0,230.0640777791841,0,236.7708164965109,0
83,235.7401974198329,0,229.9787133549422,0,236.4265207535989,0
84,235.2593257893749,0,229.7722134026135,0,236.092908740205,0
85,234.7883415038413,0,229.1186605226295,0,235.7708760462846,0
86,234.3289978266849,0,228.4508844997123,0,235.461789611524,0
87,233.882560281615,0,227.8029508996732,0,235.1663740670258,0
88,233.4509070025704,0,227.1752604622683,0,234.8856137780708,0
89,233.0358937586939,0,226.5662848521834,0,234.6196472489042,0
90,232.6387833175551,0,225.9703227425087,0,234.3663196383602,0
91,232.2621302291127,0,225.3771403748474,0,234.1213299678626,0
92,231.8971628971379,0,224.7471783294222,0,233.8608419791479,0
93,231.5229327519098,0,224.0117725868526,0,233.5390181247541,0
94,231.1331131916241,0,223.0938094951708,0,233.1070520066979,0
95,230.719415809869,0,221.8647809034566,0,232.4856205461816,0
96,230.2719120475688,0,220.1156265587718,0,231.5582494919073,0
97,228.5694093332279,0,217.7338065821869,0,230.4052701805533,0
98,226.1644847922473,0,215.2820456411266,0,229.8058406492747,0
99,223.7453219764139,0,212.8227784911706,0,227.9451091562703,0
100,221.312794016675,0,210.3572712576714,0,225.6992499708124,0
101,218.8678604383923,0,207.8869047572665,0,223.440279664877,0
102,216.4114549226057,0,205.4131288065443,0,221.1690193089359,0
103,213.9445308766649,0,202.937438666966,0,218.8863241453677,0
104,211.4681602223794,0,200.461544541743,0,216.5931180052158,0
105,208.9833421910246,0,197.9871505759025,0,214.2903331039763,0
106,206.4911589987147,0,195.5161309991223,0,211.9789006620106,0
107,203.9927280398257,0,193.0505008999145,0,209.6598724696294,0
108,201.489225181236,0,190.5924399806628,0,207.3342883331292,0
109,198.9818226107211,0,188.1442277919071,0,205.0032482064408,0
110,196.4717897446171,0,185.7083914348865,0,202.6678910025228,0
111,193.9603900262588,0,183.287510156957,0,200.3294216282217,0
112,191.4490187917886,0,180.8844450101221,0,197.9890929136582,0
113,188.9389813102437,0,178.5020101638665,0,195.6481639929978,0
114,186.4317718877336,0,176.1431458386942,0,193.3079795230762,0
115,183.9289227561773,0,173.8107886782362,0,190.9700335963913,0
116,181.4319976671255,0,171.507301743907,0,188.635735086753,0
117,178.9426732761553,0,169.2341763280625,0,186.3067297604129,0
118,176.4626620435011,0,166.990634928905,0,183.9845802601201,0
119,173.9938271467417,0,164.7679070406979,0,181.6710919510393,0
120,171.5381498084047,0,162.5600352890337,0,179.3681436444238,0
121,169.0976256242146,0,160.3689030831272,0,177.0776008617628,0
122,166.6745199073964,0,158.1966601554512,0,174.8017021845891,0
123,164.2711907526192,0,156.0455453943068,0,172.5426123258705,0
124,161.8901497937863,0,153.9179473323468,0,170.3028485379824,0
125,159.5341995890204,0,151.816541221648,0,168.0850272697146,0
126,157.2063190427282,0,149.7441741040921,0,165.8920539603161,0
127,154.9098531043996,0,147.704054098433,0,163.7272052779064,0
128,152.6484637110326,0,145.6997008697701,0,161.593915129833,0
129,150.4263967632498,0,143.7352120479202,0,159.4964914062003,0
130,148.2483843743482,0,141.8151648275056,0,157.43936557871,0
131,146.1200704426694,0,139.9450407588305,0,155.428183771875,0
132,144.0482954105113,0,138.1315095658023,0,153.4696570016319,0
133,142.0418214830499,0,136.3831531880311,0,151.5721953977523,0
134,140.1127540851463,0,134.71188567682,0,149.7482114067395,0
135,138.2829728634008,0,133.1393815941377,0,148.0186531482981,0
136,136.5906265542868,0,131.7035667658055,0,146.4226164716373,0
137,135.003924816047,0,130.3724187079533,0,144.9270055122234,0
138,133.50542824149,0,129.1282480082129,0,143.5149539215391,0
139,132.086651675021,0,127.9622990058557,0,142.1773041942999,0
140,130.742004649395,0,126.8686878781482,0,140.9084407852857,0
141,129.4674705383504,0,125.8430786829037,0,139.7040828226534,0
142,128.2599655584937,0,124.8820387298862,0,138.5607293227564,0
143,127.1170270761179,0,123.9827227071256,0,137.475776462863,0
144,126.0366308630603,0,123.1426851515355,0,136.4466646303956,0
145,125.0170362492041,0,122.3597201500961,0,135.4713691943554,0
146,124.0568196524201,0,121.631888688914,0,134.5479779940427,0
147,123.1546654930609,0,120.9573026145963,0,133.6746390601197,0
148,122.3094352813221,0,120.3341859587632,0,132.8497302325358,0
149,121.520168413506,0,119.7608671797153,0,132.071545853044,0
150,120.7863845190276,0,119.2360722366817,0,131.338979481909,0
151,120.1072055918789,0,118.7580369490465,0,130.650272792575,0
152,119.481738385009,0,118.3248794509852,0,130.0036526892772,0
153,118.9091598437518,0,117.9346762122238,0,129.3972848853211,0
154,118.3884659944928,0,117.5852031802521,0,128.8289875635337,0
155,117.9187365352568,0,117.2741961778134,0,128.2966332251773,0
156,117.4988720688463,0,116.9990906769151,0,127.7976807695065,0
157,117.1276549931592,0,116.7570972414746,0,127.3294897306348,0
158,116.803643992933,0,116.5451316174403,0,126.8890061129652,0
159,116.5250024180583,0,116.3597156799866,0,126.4728984757181,0
160,116.2895405461844,0,116.1971589212571,0,126.0775212176211,0
161,116.0943682799752,0,116.0534776229774,0,125.6990291588785,0
162,115.9353503591589,0,115.9243885613765,0,125.3332025694998,0
163,115.8063533310148,0,115.8058496285133,0,124.9761346632911,0
164,115.6948810125687,0,115.6947219482981,0,124.6247550141088,0
165,115.59029176059,0,115.590134531734,0,124.2783367415902,0
166,115.4922668131592,0,115.4921113045203,0,123.9369783640628,0
167,115.4010285076173,0,115.4008746000976,0,123.6010554738797,0
168,115.3168601139926,0,115.3167076835217,0,123.2709303701671,0
169,115.239690977912,0,115.2395399016611,0,122.946683312559,0
170,115.1694946730828,0,115.1693448286872,0,122.6283997347143,0
171,115.1061367890594,0,115.1059880565143,0,122.3160710770985,0
172,115.0496423312535,0,115.0494945901126,0,122.0098838600265,0
173,114.9999276222544,0,114.9997807535423,0,121.7098556919718,0
174,114.9569147252701,0,114.956768611379,0,121.4160876419734,0
175,114.9205696732175,0,114.920424197135,0,121.1286856622423,0
176,114.8909025370095,0,114.8907575815471,0,120.8478225440902,0
177,114.8678517890061,0,114.8677072380551,0,120.573606723029,0
178,114.8513996294308,0,114.8512553671951,0,120.3061988847526,0
179,114.8415333773488,0,114.8413892882544,0,120.0457812776263,0
180,114.8382454710406,0,114.8381014396506,0,119.7925406654238,0
