loop:1,season:59346705,P_air:0.05411410458052138,P_ice:0.02705618959087947,P_rego:0.01882970582859916,T_sub:165.0856692968259
0,301.4493369466239,0,301.4478982852388,0,301.4478982852388,0
1,301.4172558480096,0,301.4087470847759,0,301.4087470847759,0
2,301.3681544209334,0,301.3486475493515,0,301.3486475493515,0
3,301.2881204417229,0,301.2572685287712,0,301.2572685287712,0
4,301.1761935634498,0,301.1339637043087,0,301.1339637043087,0
5,301.0323286434695,0,300.9787312290555,0,300.9787312290555,0
6,300.8565579034701,0,300.7916104016281,0,300.7916104016281,0
7,300.6489167677517,0,300.5726386517157,0,300.5726386517157,0
8,300.4094518680062,0,300.3218675101822,0,300.3218675101822,0
9,300.138211277537,0,300.0393468921554,0,300.0393468921554,0
10,299.8352574422921,0,299.7251424421968,0,299.7251424421968,0
11,299.500668540931,0,299.3793371117235,0,299.3793371117235,0
12,299.1345251444554,0,299.0020165480305,0,299.0020165480305,0
13,298.7368994006952,0,298.5932522808532,0,298.5932522808532,0
14,298.3078890030658,0,298.1531452391457,0,298.1531452391457,0
15,297.847617889618,0,297.6818257846203,0,297.6818257846203,0
16,297.3562089929255,0,297.1794205644266,0,297.1794205644266,0
17,296.8337813751677,0,296.6460497195097,0,296.6460497195097,0
18,296.2804703461582,0,296.0818516368022,0,296.0818516368022,0
19,295.6964301066782,0,295.486985045549,0,295.486985045549,0
20,295.0818216173059,0,294.8616156619227,0,294.8616156619227,0
21,294.4368022789062,0,294.2059008080258,0,294.2059008080258,0
22,293.7615527454226,0,293.520025789803,0,293.520025789803,0
23,293.0562663787571,0,292.8041881774841,0,292.8041881774841,0
24,292.3211573454939,0,292.0585873862228,0,292.0585873862228,0
25,291.5603716592213,0,291.2882229777173,0,291.2882229777173,0
26,290.7823217160811,0,290.5015192918761,0,290.5015192918761,0
27,289.9911946385212,0,289.7022101409163,0,289.7022101409163,0
28,289.1895902123482,0,288.8928850249524,0,288.8928850249524,0
29,288.3792948200386,0,288.0752694720721,0,288.0752694720721,0
30,287.5615922080311,0,287.2505504227374,0,287.2505504227374,0
31,286.7374192620247,0,286.4197150826351,0,286.4197150826351,0
32,285.9074674195038,0,285.5833324877439,0,285.5833324877439,0
33,285.0722320623361,0,284.741988407479,0,284.741988407479,0
34,284.2320853138614,0,283.8959309759111,0,283.8959309759111,0
35,283.3873022562344,0,283.0455179921592,0,283.0455179921592,0
36,282.5380659966837,0,282.1908355085255,0,282.1908355085255,0
37,281.6844925108908,0,281.3320631544682,0,281.3320631544682,0
38,280.8266514453368,0,280.4692073272246,0,280.4692073272246,0
39,279.9645769945384,0,279.6023312959534,0,279.6023312959534,0
40,279.0982894664853,0,278.7314322219307,0,278.7314322219307,0
41,278.2277797583213,0,277.8564945397167,0,277.8564945397167,0
42,277.3530139475275,0,276.9774955043475,0,276.9774955043475,0
43,276.4739645244844,0,276.0943895074007,0,276.0943895074007,0
44,275.5905860430074,0,275.207130972614,0,275.207130972614,0
45,274.7028346397935,0,274.315674850972,0,274.315674850972,0
46,273.8106468531482,0,273.4199562471624,0,273.4199562471624,0
47,272.9139182615735,0,272.5198729191954,0,272.5198729191954,0
48,272.012418685278,0,271.6152184013457,0,271.6152184013457,0
49,271.1056153360482,0,270.7054841313585,0,270.7054841313585,0
50,270.1926478830422,0,269.7897128915824,0,269.7897128915824,0
51,269.2729956426554,0,268.867278520561,0,268.867278520561,0
52,268.3471228701104,0,267.9387886273061,0,267.9387886273061,0
53,267.4156827375619,0,267.0049721251699,0,267.0049721251699,0
54,266.4788913272298,0,266.0659054550133,0,266.0659054550133,0
55,265.537184239642,0,265.1220795796172,0,265.1220795796172,0
56,264.5911215286392,0,264.1741513412144,0,264.1741513412144,0
57,263.6403303952528,0,263.2216657691843,0,263.2216657691843,0
58,262.6843682110066,0,262.264090205935,0,262.264090205935,0
59,261.7234391674688,0,261.3016056119251,0,261.3016056119251,0
60,260.7587055321749,0,260.3354249347252,0,260.3354249347252,0
61,259.791779419459,0,259.3673712520808,0,259.3673712520808,0
62,258.8226664005577,0,258.3974471362388,0,258.3974471362388,0
63,257.8499008237144,0,257.4239224181698,0,257.4239224181698,0
64,256.8727928931763,0,256.4461762036574,0,256.4461762036574,0
65,255.8906379668294,0,255.4638795413877,0,255.4638795413877,0
66,254.8996448095891,0,254.4730399546418,0,254.4730399546418,0
67,253.8943653261129,0,253.4682815206093,0,253.4682815206093,0
68,252.8671894442026,0,252.4417988908769,0,252.4417988908769,0
69,251.8100740861003,0,251.3856174253136,0,251.3856174253136,0
70,250.7137849454182,0,250.2909353025402,0,250.2909353025402,0
71,249.5639431957553,0,249.1432806856761,0,249.1432806856761,0
72,248.341677395483,0,247.9234943293044,0,247.9234943293044,0
73,247.0264286725194,0,246.6108249376196,0,246.6108249376196,0
74,245.5977448367429,0,245.1846868358092,0,245.1846868358092,0
75,244.0360942540542,0,243.625422778349,0,243.625422778349,0
76,242.3238804653447,0,241.9149979936831,0,241.9149979936831,0
77,240.4483107148873,0,240.0397951131661,0,240.0397951131661,0
78,238.4078524155372,0,237.996991833514,0,237.996991833514,0
79,236.2226093140094,0,235.805611926205,0,235.805611926205,0
80,233.940832897392,0,233.5162326398493,0,233.5162326398493,0
81,231.6125159631911,0,231.1870131936977,0,231.1870131936977,0
82,229.2235144069517,0,228.813701494646,0,228.813701494646,0
83,226.765586341747,0,226.3765809452803,0,226.3765809452803,0
84,224.0829467750715,0,223.7021158138586,0,223.7021158138586,0
85,221.1124934678888,0,220.7264545960287,0,220.7264545960287,0
86,217.92754926365,0,217.5320218696959,0,217.5320218696959,0
87,214.6517425915369,0,214.249096004151,0,214.249096004151,0
88,211.3889433636527,0,210.9829569612176,0,210.9829569612176,0
89,208.2073233023011,0,207.8003300485056,0,207.8003300485056,0
90,205.1494502945236,0,204.7433735260126,0,204.7433735260126,0
91,202.2351824451662,0,201.8335231804771,0,201.8335231804771,0
92,199.454908982168,0,199.059332957364,0,199.059332957364,0
93,196.7706757063766,0,196.3914563347553,0,196.3914563347553,0
94,193.9573583301942,0,193.6906106218914,0,193.6906106218914,0
95,189.4370336325067,0,189.7831875975551,0,189.7831875975551,0
96,177.5287074503711,0,175.0282654115251,0,175.0282654115251,0
97,165.0856692968259,26.48580211280542,165.0857128448664,45.2354360315373,165.0857128448664,45.2354360315373
98,165.0856692968259,86.65555022886417,165.0857128448664,90.43944733364512,165.0857128448664,90.43944733364512
99,165.0856692968259,128.0783209778137,165.0857128448664,131.5574047418517,165.0857128448664,131.5574047418517
100,165.0856692968259,166.7397880648016,165.0857128448664,170.2083614580727,165.0857128448664,170.2083614580727
101,165.0856692968259,203.9196911403432,165.0857128448664,207.3092354740165,165.0857128448664,207.3092354740165
102,165.0856692968259,241.0011261920763,165.0857128448664,244.3732039487436,165.0857128448664,244.3732039487436
103,165.0856692968259,278.1886439597035,165.0857128448664,281.553686204362,165.0857128448664,281.553686204362
104,165.0856692968259,315.0837808770983,165.0857128448664,318.4196095129326,165.0857128448664,318.4196095129326
105,165.0856692968259,351.4133701353974,165.0857128448664,354.7057384729292,165.0857128448664,354.7057384729292
106,165.0856692968259,387.0444067950975,165.0857128448664,390.2822191431411,165.0857128448664,390.2822191431411
107,165.0856692968259,421.9109510856591,165.0857128448664,425.0915450054538,165.0857128448664,425.0915450054538
108,165.0856692968259,455.9824403661943,165.0857128448664,459.1023976280397,165.0857128448664,459.1023976280397
109,165.0856692968259,489.2504404049287,165.0857128448664,492.3070780019158,165.0857128448664,492.3070780019158
110,165.0856692968259,521.7201393645239,165.0857128448664,524.7139921599705,165.0857128448664,524.7139921599705
111,165.0856692968259,553.4033083433851,165.0857128448664,556.3317755766483,165.0857128448664,556.3317755766483
112,165.0856692968259,584.314115492207,165.0857128448664,587.1772854152126,165.0857128448664,587.1772854152126
113,165.0856692968259,614.4664660809626,165.0857128448664,617.2645068625193,165.0857128448664,617.2645068625193
114,165.0856692968259,643.8734964055295,165.0857128448664,646.6042195168216,165.0857128448664,646.6042195168216
115,165.0856692968259,672.5474128082885,165.0857128448664,675.2128187827157,165.0857128448664,675.2128187827157
116,165.0856692968259,700.4995718701767,165.0857128448664,703.0970715502893,165.0857128448664,703.0970715502893
117,165.0856692968259,727.7402633819012,165.0857128448664,730.2699775014433,165.0857128448664,730.2699775014433
118,165.0856692968259,754.278957118798,165.0857128448664,756.7416903636766,165.0857128448664,756.7416903636766
119,165.0856692968259,780.1250730641663,165.0857128448664,782.5186007132972,165.0857128448664,782.5186007132972
120,165.0856692968259,805.2869005060786,165.0857128448664,807.6131090214171,165.0857128448664,807.6131090214171
121,165.0856692968259,829.7729955662282,165.0857128448664,832.0284735566438,165.0857128448664,832.0284735566438
122,165.0856692968259,853.5908788577291,165.0857128448664,855.7772464630423,165.0857128448664,855.7772464630423
123,165.0856692968259,876.7484192555269,165.0857128448664,878.8652604887052,165.0857128448664,878.8652604887052
124,165.0856692968259,899.2528475045165,165.0857128448664,901.2981589173769,165.0857128448664,901.2981589173769
125,165.0856692968259,921.1112867078009,165.0857128448664,923.0871582926013,165.0857128448664,923.0871582926013
126,165.0856692968259,942.330973462133,165.0857128448664,944.2340422954297,165.0857128448664,944.2340422954297
127,165.0856692968259,962.9188337797383,165.0857128448664,964.7517842914824,165.0857128448664,964.7517842914824
128,165.0856692968259,982.8819963617422,165.0857128448664,984.64124264712,165.0857128448664,984.64124264712
129,165.0856692968259,1002.227347151321,165.0857128448664,1003.914324916782,165.0857128448664,1003.914324916782
130,165.0856692968259,1020.961586288378,165.0857128448664,1022.575394529587,165.0857128448664,1022.575394529587
131,165.0856692968259,1039.091866485858,165.0857128448664,1040.631309059038,165.0857128448664,1040.631309059038
132,165.0856692968259,1056.624624802997,165.0857128448664,1058.0901050653,165.0857128448664,1058.0901050653
133,165.0856692968259,1073.566910662028,165.0857128448664,1074.956466220798,165.0857128448664,1074.956466220798
134,165.0856692968259,1089.925256578289,165.0857128448664,1091.241080177821,165.0857128448664,1091.241080177821
135,165.0856692968259,1105.706454164338,165.0857128448664,1106.946580971997,165.0857128448664,1106.946580971997
136,165.0856692968259,1120.917163478291,165.0857128448664,1122.084562304513,165.0857128448664,1122.084562304513
137,165.0856692968259,1135.564324827836,165.0857128448664,1136.657432820162,165.0857128448664,1136.657432820162
138,165.0856692968259,1149.654648419533,165.0857128448664,1150.675726029489,165.0857128448664,1150.675726029489
139,165.0856692968259,1163.194992836697,165.0857128448664,1164.14411426046,165.0857128448664,1164.14411426046
140,165.0856692968259,1176.192510273078,165.0857128448664,1177.070636308795,165.0857128448664,1177.070636308795
141,165.0856692968259,1188.65426172906,165.0857128448664,1189.462964668018,165.0857128448664,1189.462964668018
142,165.0856692968259,1200.587436086876,165.0857128448664,1201.326674979045,165.0857128448664,1201.326674979045
143,165.0856692968259,1211.999753886122,165.0857128448664,1212.672209598647,165.0857128448664,1212.672209598647
144,165.0856692968259,1222.898694406361,165.0857128448664,1223.503942385883,165.0857128448664,1223.503942385883
145,165.0856692968259,1233.292590591949,165.0857128448664,1233.834220009659,165.0857128448664,1233.834220009659
146,165.0856692968259,1243.189737077447,165.0857128448664,1243.667019005093,165.0857128448664,1243.667019005093
147,165.0856692968259,1252.599179776295,165.0857128448664,1253.01651932661,165.0857128448664,1253.01651932661
148,165.0856692968259,1261.530719964021,165.0857128448664,1261.887611365328,165.0857128448664,1261.887611365328
149,165.0856692968259,1269.994916075149,165.0857128448664,1270.296161134017,165.0857128448664,1270.296161134017
150,165.0856692968259,1278.003448846391,165.0857128448664,1278.2495569835,165.0857128448664,1278.2495569835
151,165.0856692968259,1285.569662283112,165.0857128448664,1285.765375294578,165.0857128448664,1285.765375294578
152,165.0856692968259,1292.708658991727,165.0857128448664,1292.856833480742,165.0857128448664,1292.856833480742
153,165.0856692968259,1299.438449711305,165.0857128448664,1299.543967118402,165.0857128448664,1299.543967118402
154,165.0856692968259,1305.781267162158,165.0857128448664,1305.849924131578,165.0857128448664,1305.849924131578
155,165.0856692968259,1311.765908797735,165.0857128448664,1311.804517183771,165.0857128448664,1311.804517183771
156,165.0856692968259,1317.434889567543,165.0857128448664,1317.456651166779,165.0857128448664,1317.456651166779
157,165.0856692968259,1322.866961814559,165.0857128448664,1322.888636349753,165.0857128448664,1322.888636349753
158,165.0856692968259,1328.094040212709,165.0857128448664,1328.116208748476,165.0857128448664,1328.116208748476
159,165.0856692968259,1333.132016395519,165.0857128448664,1333.155827069391,165.0857128448664,1333.155827069391
160,165.0856692968259,1338.052820127657,165.0857128448664,1338.077741504233,165.0857128448664,1338.077741504233
161,165.0856692968259,1342.869340127257,165.0857128448664,1342.894226564515,165.0857128448664,1342.894226564515
162,165.0856692968259,1347.552091200346,165.0857128448664,1347.576929650556,165.0857128448664,1347.576929650556
163,165.0856692968259,1352.083880832762,165.0857128448664,1352.108220334168,165.0857128448664,1352.108220334168
164,165.0856692968259,1356.430303176708,165.0857128448664,1356.454542219252,165.0857128448664,1356.454542219252
165,165.0856692968259,1360.582872232815,165.0857128448664,1360.607361769224,165.0857128448664,1360.607361769224
166,165.0856692968259,1364.540068064404,165.0857128448664,1364.564370243954,165.0857128448664,1364.564370243954
167,165.0856692968259,1368.27935215721,165.0857128448664,1368.303495029643,165.0857128448664,1368.303495029643
168,165.0856692968259,1371.792777977488,165.0857128448664,1371.817334495074,165.0857128448664,1371.817334495074
169,165.0856692968259,1375.07901901426,165.0857128448664,1375.103660654848,165.0857128448664,1375.103660654848
170,165.0856692968259,1378.129607535085,165.0857128448664,1378.154096296465,165.0857128448664,1378.154096296465
171,165.0856692968259,1380.926676174172,165.0857128448664,1380.950910133465,165.0857128448664,1380.950910133465
172,165.0856692968259,1383.455282809269,165.0857128448664,1383.47975526392,165.0857128448664,1383.47975526392
173,165.0856692968259,1385.714144646715,165.0857128448664,1385.73889168508,165.0857128448664,1385.73889168508
174,165.0856692968259,1387.69650670027,165.0857128448664,1387.721300236407,165.0857128448664,1387.721300236407
175,165.0856692968259,1389.39144586881,165.0857128448664,1389.416296032357,165.0857128448664,1389.416296032357
176,165.0856692968259,1390.790015764375,165.0857128448664,1390.814928827124,165.0857128448664,1390.814928827124
177,165.0856692968259,1391.885265095333,165.0857128448664,1391.910248091333,165.0857128448664,1391.910248091333
178,165.0856692968259,1392.672658960378,165.0857128448664,1392.697480248425,165.0857128448664,1392.697480248425
179,165.0856692968259,1393.167336439417,165.0857128448664,1393.191054458142,165.0857128448664,1393.191054458142
180,165.0856692968259,1393.594917552857,165.0857128448664,1393.611506835849,165.0857128448664,1393.611506835849
