loop:1,season:59347075,P_air:0.04944290358621563,P_ice:0.01102591640831124,P_rego:0.03953118000547314,T_sub:164.303230747437
0,164.303230747437,771.2767755399905,164.3032876365156,748.4127920182666,164.3032876365156,783.5385085141894
1,164.303230747437,768.6562010300645,164.3032876365156,740.9039766079212,164.3032876365156,785.6130169974809
2,164.303230747437,765.8739088367669,164.3032876365156,732.515513884616,164.3032876365156,787.6462898463292
3,164.303230747437,761.5857290966795,164.3032876365156,721.8784732591553,164.3032876365156,788.1852794879438
4,164.303230747437,755.6502316651211,164.3032876365156,708.7624799722379,164.3032876365156,787.062374240139
5,164.303230747437,748.0674193898093,164.3032876365156,693.0766666160719,164.3032876365156,784.4599008574074
6,164.303230747437,738.8656017561002,164.3032876365156,674.7570795520137,164.3032876365156,766.8097817876272
7,164.303230747437,728.07920946834,164.3032876365156,653.7423235363635,164.3032876365156,750.6677283142023
8,164.303230747437,715.7448868097326,164.3032876365156,629.95637681389,164.3032876365156,735.9281208267982
9,164.303230747437,701.9029106106262,164.3032876365156,603.3051018825308,164.3032876365156,722.6649086863165
10,164.303230747437,686.5990836604723,164.3032876365156,573.6603442788456,164.3032876365156,710.9115180781718
11,164.303230747437,669.7295603762556,164.3032876365156,540.8256859968874,164.3032876365156,699.3265316758564
12,164.303230747437,651.0646281768737,164.3032876365156,504.4871380543403,164.3032876365156,686.4947718628017
13,164.303230747437,630.4982350194973,164.3032876365156,464.3060469327371,164.3032876365156,672.4647276646668
14,164.303230747437,607.9481139130654,164.3032876365156,419.748128020545,164.3032876365156,657.2625821954023
15,164.303230747437,583.3315240221556,164.3032876365156,369.6255396754217,164.3032876365156,640.8970853047375
16,164.303230747437,556.5575635331519,164.3032876365156,311.5085524103937,164.3032876365156,623.3637568817481
17,164.303230747437,527.5226726732139,164.3032876365156,248.7088164788688,164.3032876365156,604.6457492347768
18,164.303230747437,496.105206363922,164.3032876365156,182.3180131310112,164.3032876365156,584.7152163928974
19,164.303230747437,462.1588294918706,164.3032876365156,113.9454641488729,164.3032876365156,563.5324344373495
20,164.303230747437,425.502884989397,164.3032876365156,43.35665242386423,164.3032876365156,541.0422032968199
21,164.303230747437,385.9069835044719,168.5890741315574,0,164.3032876365156,517.0033851534397
22,164.303230747437,343.0658166544122,171.6992408475946,0,164.3032876365156,491.0571126294593
23,164.303230747437,296.5484016493873,172.5652435743258,0,164.3032876365156,462.9566377952115
24,164.303230747437,245.6792070952725,172.9538430593678,0,164.3032876365156,432.4771042328578
25,164.303230747437,189.1145396682552,173.189897316263,0,164.3032876365156,399.5088576977922
26,164.303230747437,124.7034888377444,173.3701769689174,0,164.3032876365156,364.0509436251306
27,164.303230747437,50.80753302858328,173.5252940918485,0,164.3032876365156,326.0211991535571
28,171.4323951632853,0,175.9994714904504,0,164.3032876365156,232.553821067284
29,182.849465456165,0,185.0487079004472,0,172.5503255982904,0
30,192.549363178588,0,194.0850423569105,0,188.2206788629423,0
31,201.188738259067,0,202.4768403325765,0,198.4557429238945,0
32,209.0534583521725,0,210.2213776525972,0,206.8554074932107,0
33,216.3238166937151,0,217.4185953556709,0,214.3356869680855,0
34,223.10804243718,0,224.1548690648546,0,221.2186468865754,0
35,229.3937786244792,0,230.408605627976,0,227.5709283557103,0
36,234.4707804724274,0,235.3086626045784,0,232.9338681987855,0
37,238.0185061049167,0,238.7820851514805,0,236.5071126590172,0
38,240.6965091486039,0,241.39945647093,0,239.1811166569621,0
39,242.8397394035577,0,243.4938725014666,0,241.3283628769865,0
40,244.619864772587,0,245.2360146872201,0,243.124217596304,0
41,246.0720313016242,0,246.6561388665524,0,244.5996863622866,0
42,247.1599070260982,0,247.7064825728513,0,245.7070072815755,0
43,247.8987916364337,0,248.3993609791795,0,246.4584332301952,0
44,248.3883871249078,0,248.841813494937,0,246.9608834416181,0
45,248.7383679657592,0,249.1476760558819,0,247.3280723752526,0
46,249.020951853625,0,249.3889561325814,0,247.6319526880004,0
47,249.271011296207,0,249.5991785868283,0,247.9059271188545,0
48,249.5019002921402,0,249.7906948061624,0,248.1622824528017,0
49,249.7177875883641,0,249.9671863040502,0,248.404644706378,0
50,249.9196888026828,0,250.129551682056,0,248.6338245229625,0
51,250.1077174383568,0,250.2778864761025,0,248.8498612896385,0
52,250.2817727140737,0,250.4120629676593,0,249.0525769016669,0
53,250.441717709149,0,250.5319697654256,0,249.2418306009384,0
54,250.5874190699448,0,250.6375323932411,0,249.4174249445202,0
55,250.7187541892302,0,250.7286126965441,0,249.5792447077018,0
56,250.8356115454657,0,250.8050948339994,0,249.7271147074,0
57,250.9378899836903,0,250.8669525697686,0,249.8609477189758,0
58,251.0254982028532,0,250.9140997461436,0,249.9805925543057,0
59,251.0983543291009,0,250.9464381014098,0,250.0859676772447,0
60,251.1563854876565,0,250.9639106448161,0,250.1769769165257,0
61,251.199527411604,0,250.9665302284631,0,250.2535137360162,0
62,251.2277240788236,0,250.9542249259826,0,250.3155379251515,0
63,251.240927377096,0,250.9269267214976,0,250.3629490127711,0
64,251.2390968293968,0,250.8846272874142,0,250.3957015538947,0
65,251.2221993401282,0,250.8273693824387,0,250.4137620167465,0
66,251.1902089719893,0,250.7551012323975,0,250.4170440575233,0
67,251.1431067578104,0,250.6677765576008,0,250.4055501011755,0
68,251.0808805395679,0,250.5654167054554,0,250.3792487976525,0
69,251.0035248466654,0,250.4481124692229,0,250.3380846978241,0
70,250.9110408087847,0,250.3158275010336,0,250.2820734892321,0
71,250.8034360416921,0,250.1685289159942,0,250.211216821123,0
72,250.680724449124,0,250.0062447112272,0,250.1254770336565,0
73,250.5429260227735,0,249.8291484703176,0,250.0248661475774,0
74,250.3900667719818,0,249.6372119444024,0,249.9094341791123,0
75,250.2221787446368,0,249.4303940968555,0,249.7791630757829,0
76,250.0393000428192,0,249.2087048603997,0,249.6340527055007,0
77,249.8414747740772,0,248.9724784237454,0,249.4741888394476,0
78,249.6287529584939,0,248.7216539673299,0,249.2995939600366,0
79,249.4011904459146,0,248.4561082806007,0,249.1102753609771,0
80,249.1588488711907,0,248.1758783512494,0,248.906278864324,0
81,248.9017956497391,0,247.8816848573409,0,248.6877177375397,0
82,248.6301040129063,0,247.5729742063708,0,248.4546184341718,0
83,248.3438530891499,0,247.2498766161291,0,248.2070096707389,0
84,248.0431280329532,0,246.9126827536999,0,247.9449785791331,0
85,247.7280201579608,0,246.5616212671841,0,247.6686624816241,0
86,247.3986269166257,0,246.196526070253,0,247.3781034778275,0
87,247.0550514570375,0,245.817555090911,0,247.0733482093827,0
88,246.6974016508789,0,245.4249159313397,0,246.754509124911,0
89,246.325789058712,0,245.0188010636126,0,246.4217652998039,0
90,245.9403285836815,0,244.5991983941341,0,246.075165566861,0
91,245.5411388803425,0,244.1662392158743,0,245.7147596726244,0
92,245.1283430212636,0,243.720113773619,0,245.3406565936656,0
93,244.7020690162026,0,243.2610142461734,0,244.9531099706653,0
94,244.2624500879712,0,242.7890048336209,0,244.552171016683,0
95,243.8096247645737,0,242.3042174897088,0,244.1378776149408,0
96,243.343736772588,0,241.8068504492672,0,243.7103179824563,0
97,242.864934020697,0,241.2971052812617,0,243.2699032946508,0
98,242.3733617548712,0,240.7750813968151,0,242.8166434858764,0
99,241.8691229790993,0,240.2408909402506,0,242.3504489878705,0
100,241.35208785878,0,239.6945068628768,0,241.8711937912287,0
101,240.8211626478339,0,239.1350474014862,0,241.3785803824189,0
102,240.2722150264126,0,238.5586602341682,0,240.8681555427128,0
103,239.6943718115907,0,237.9546753821789,0,240.3292837106461,0
104,239.0680504668941,0,237.3029152643251,0,239.742042025631,0
105,238.3701559370184,0,236.5796930355835,0,239.0832889565151,0
106,237.576589776197,0,235.7597669979344,0,238.3289808082586,0
107,236.6613846541854,0,234.8142150465492,0,237.4540896011285,0
108,235.5956535817151,0,233.7070534976114,0,236.4321361893671,0
109,234.3468321786268,0,232.3897057541732,0,235.236242401611,0
110,232.8780055163163,0,230.7918645169943,0,233.8420167977125,0
111,231.1471744422457,0,228.8589306214484,0,232.2346187890452,0
112,229.1487194041226,0,226.8041867957615,0,230.4178851746513,0
113,227.0904929402786,0,224.7187530737699,0,228.4096849393069,0
114,225.0047279833699,0,222.6068955489849,0,226.364602420718,0
115,222.8926915216921,0,220.4696266464662,0,224.2927482844017,0
116,220.7553296741578,0,218.3078707790073,0,222.1950921595125,0
117,218.5935770025644,0,216.1226147960756,0,220.0725913398989,0
118,216.408368342467,0,213.9147959952816,0,217.9261020887406,0
119,214.200645412959,0,211.6853590863944,0,215.7565349258379,0
120,211.9713619761216,0,209.4353089197321,0,213.5648627947484,0
121,209.7214880658055,0,207.1656005687399,0,211.3520689525601,0
122,207.4520136180272,0,204.8772605560092,0,209.1190661393824,0
123,205.1639517906719,0,202.5713269494191,0,206.8668520845493,0
124,202.8583420959225,0,200.2488460077199,0,204.5964813762004,0
125,200.536253450418,0,197.9109313733454,0,202.3090161185302,0
126,198.1987873300427,0,195.5586830251639,0,200.0054833890805,0
127,195.8470811143265,0,193.1932951651706,0,197.6870256962146,0
128,193.4823116490331,0,190.815945995805,0,195.3548320628624,0
129,191.1056991705954,0,188.427913475658,0,193.0100648142197,0
130,188.7185117185606,0,186.0304739991714,0,190.6539621438126,0
131,186.3220701274545,0,183.6250103561714,0,188.2878574565225,0
132,183.9177540561602,0,181.2129336037323,0,185.9130977456995,0
133,181.5070143661996,0,178.7957343507835,0,183.5310761493157,0
134,179.0914535792354,0,176.3750401496012,0,181.1433618315221,0
135,176.6735711443636,0,173.9530610757147,0,178.7520818205606,0
136,174.2623278027847,0,171.5367515453113,0,176.3640788665691,0
137,171.8957967094864,0,167.9412324504769,0,174.0157770533151,0
138,169.5366623918793,0,164.3032876365156,216.1122625450233,171.7948341356319,0
139,164.303230747437,217.5206749388349,164.3032876365156,463.2122009744199,168.3549308362074,0
140,164.303230747437,311.782832544679,164.3032876365156,550.1637873085798,168.1223170859919,0
141,164.303230747437,383.1220983611778,164.3032876365156,627.141098123177,167.8882171269502,0
142,164.303230747437,449.2142424549886,164.3032876365156,698.7677788136718,164.3032876365156,147.2099029378837
143,164.303230747437,514.5922233245541,164.3032876365156,765.7294770466569,164.3032876365156,221.0703899377656
144,164.303230747437,578.2635621638298,164.3032876365156,828.8719226957753,164.3032876365156,280.769858533763
145,164.303230747437,639.9111658779003,164.3032876365156,887.5096790678604,164.3032876365156,334.6012178030668
146,164.303230747437,701.459746260887,164.3032876365156,941.0847494639385,164.3032876365156,393.8291277760942
147,164.303230747437,761.5197908143837,164.3032876365156,989.8678260900621,164.3032876365156,447.155041650396
148,164.303230747437,820.5128115576084,164.3032876365156,1036.755660047488,164.3032876365156,505.2002422312335
149,164.303230747437,879.4992081840099,164.3032876365156,1080.437688826969,164.3032876365156,559.6710065753185
150,164.303230747437,936.9364066619746,164.3032876365156,1121.458046272133,164.3032876365156,614.4578298185723
151,164.303230747437,993.2240566787405,164.3032876365156,1160.348242257413,164.3032876365156,670.834214440336
152,164.303230747437,1048.183502836158,164.3032876365156,1197.265281344165,164.3032876365156,727.4980533423899
153,164.303230747437,1101.435432774473,164.3032876365156,1232.947170562916,164.3032876365156,782.6797745006611
154,164.303230747437,1153.204083909889,164.3032876365156,1266.801168897966,164.3032876365156,837.2198899509556
155,164.303230747437,1201.843958905171,164.3032876365156,1298.672242837375,164.3032876365156,893.2561379165188
156,164.303230747437,1246.16929826673,164.3032876365156,1328.967563081972,164.3032876365156,948.5553450688421
157,164.303230747437,1287.307390767824,164.3032876365156,1357.75422440884,164.3032876365156,1002.241515639525
158,164.303230747437,1325.85712258651,164.3032876365156,1385.104643015525,164.3032876365156,1057.035971628699
159,164.303230747437,1362.092015653002,164.3032876365156,1411.104355200566,164.3032876365156,1111.258690934234
160,164.303230747437,1396.177277381096,164.3032876365156,1435.882961773601,164.3032876365156,1163.527910138361
161,164.303230747437,1428.219403972299,164.3032876365156,1459.711001384805,164.3032876365156,1214.907186083012
162,164.303230747437,1458.287572042734,164.3032876365156,1482.696722116936,164.3032876365156,1266.242059626273
163,164.303230747437,1486.424732180011,164.3032876365156,1504.813000622645,164.3032876365156,1314.894049103425
164,164.303230747437,1512.652184518802,164.3032876365156,1526.025090489676,164.3032876365156,1361.508840187963
165,164.303230747437,1536.966845830358,164.3032876365156,1546.287631620439,164.3032876365156,1405.199982689487
166,164.303230747437,1559.328478977899,164.3032876365156,1565.533000064245,164.3032876365156,1443.589532173573
167,164.303230747437,1579.785965507137,164.3032876365156,1583.841570982036,164.3032876365156,1479.266891163919
168,164.303230747437,1598.50260581664,164.3032876365156,1600.944775796039,164.3032876365156,1510.662019227262
169,164.303230747437,1615.34301115707,164.3032876365156,1616.858432650819,164.3032876365156,1540.881320167204
170,164.303230747437,1630.454318650023,164.3032876365156,1631.538790148143,164.3032876365156,1568.646432647017
171,164.303230747437,1644.083657518654,164.3032876365156,1644.949000141632,164.3032876365156,1593.301984734626
172,164.303230747437,1656.360180177008,164.3032876365156,1657.055625711066,164.3032876365156,1615.502336988482
173,164.303230747437,1667.260070102116,164.3032876365156,1667.824275316874,164.3032876365156,1634.872728653075
174,164.303230747437,1676.759971142774,164.3032876365156,1677.223991712275,164.3032876365156,1652.165480579544
175,164.303230747437,1684.838293520768,164.3032876365156,1685.227037832785,164.3032876365156,1666.685061020542
176,164.303230747437,1691.475814213617,164.3032876365156,1691.798642757145,164.3032876365156,1678.739405132301
177,164.303230747437,1696.65608474932,164.3032876365156,1696.924546719679,164.3032876365156,1688.276027980297
178,164.303230747437,1700.368273968789,164.3032876365156,1700.587941401322,164.3032876365156,1695.256439565127
179,164.303230747437,1702.647630758166,164.3032876365156,1702.804290368809,164.3032876365156,1699.705411024054
180,164.303230747437,1704.245915697917,164.3032876365156,1704.181195249481,164.3032876365156,1702.356354184641
