loop:1,season:59346890,P_air:6.18500616564258e-11,P_ice:0,P_rego:0.0009999999381499383,T_sub:79.28486404938425
0,320.1888729723302,0,315.8245043830386,0,316.545627773697,0
1,320.1670746902457,0,315.7293879073355,0,316.5993356581893,0
2,320.1016782118995,0,315.5965213926389,0,316.6155115568729,0
3,319.9927077948334,0,315.4256883677439,0,316.5944973389296,0
4,319.8401968018817,0,315.2167094293631,0,316.5366831479022,0
5,319.6441875760204,0,314.9693913520936,0,316.4424863845151,0
6,319.40474845592,0,314.6835822875587,0,316.3124008243277,0
7,319.1219443396304,0,314.3592286308537,0,316.1469656475739,0
8,318.7958660450959,0,313.9962690078149,0,315.9467407603597,0
9,318.4266177097938,0,313.5945994020088,0,315.712406813412,0
10,318.0143041817896,0,313.1542450405282,0,315.4446082945755,0
11,317.5590560544535,0,312.6751741560292,0,315.1441590494535,0
12,317.0610129982024,0,312.1574368382699,0,314.8117779438367,0
13,316.5203277438328,0,311.6010531523227,0,314.4484062677323,0
14,315.937166256699,0,311.0061021104768,0,314.0547854524579,0
15,315.3117074379828,0,310.3726877104462,0,313.6319119514746,0
16,314.6441476343855,0,309.7009003691034,0,313.1804829514277,0
17,313.934687435926,0,308.990868807164,0,312.7012793349131,0
18,313.1835447328212,0,308.2427337968145,0,312.1947285253808,0
19,312.3909501182856,0,307.4566477758485,0,311.6608451011208,0
20,311.5571514714274,0,306.6328057238782,0,311.0988858756011,0
21,310.6824005689145,0,305.7714076778204,0,310.5057944089824,0
22,309.7669705261994,0,304.8726353340414,0,309.8740330130061,0
23,308.8111383493338,0,303.9367291280107,0,309.2018368873376,0
24,307.8152055342243,0,302.9639445294178,0,308.4894178576714,0
25,306.7834143679169,0,301.9546785840272,0,307.7371528242942,0
26,305.7244555658361,0,300.9102396644529,0,306.9463102965486,0
27,304.642812831189,0,299.8325429891367,0,306.1187528496623,0
28,303.5413604227523,0,298.723628304787,0,305.2564831209345,0
29,302.4221660975848,0,297.5855052613045,0,304.3614873658412,0
30,301.2867984349745,0,296.4201616287671,0,303.4356690906229,0
31,300.1364773507107,0,295.229393612685,0,302.4808071061011,0
32,298.9721710577151,0,294.0148868690443,0,301.4985425852806,0
33,297.7946744283732,0,292.7782481956531,0,300.4903916163817,0
34,296.6046448112219,0,291.5208558996007,0,299.4577408887761,0
35,295.4026242428918,0,290.2440509461151,0,298.4018455163427,0
36,294.1890783415201,0,288.9490461285484,0,297.3238534974016,0
37,292.9644148143779,0,287.6368840208377,0,296.2248161981981,0
38,291.7289927791862,0,286.3086675205657,0,295.1056938055842,0
39,290.483123739602,0,284.9652270317454,0,293.9673551224348,0
40,289.2271006554512,0,283.6074640048921,0,292.8106071741163,0
41,287.9611898259804,0,282.2362190968068,0,291.6361886978976,0
42,286.6856469158449,0,280.8520938312025,0,290.4447884050486,0
43,285.4007111022769,0,279.4559908175926,0,289.2370417029027,0
44,284.1066195118211,0,278.0483641865577,0,288.0135478472315,0
45,282.8035996277575,0,276.6297119009365,0,286.7748650789897,0
46,281.4918884773295,0,275.2012245730751,0,285.5215324686752,0
47,280.1717124230229,0,273.7628610511195,0,284.2540522442378,0
48,278.8432997575596,0,272.3152701291656,0,282.972904768682,0
49,277.5069006185791,0,270.8591856856585,0,281.6785706698201,0
50,276.1627523913381,0,269.3948968124922,0,280.3714982887491,0
51,274.8111110272581,0,267.9230476383052,0,279.0521368704478,0
52,273.4522335391519,0,266.4440786834156,0,277.7209207692539,0
53,272.0863981473573,0,264.9584437783136,0,276.3782911476116,0
54,270.7138928545035,0,263.4667264589954,0,275.0246859595744,0
55,269.3350021316725,0,261.9693147093938,0,273.6605279110523,0
56,267.9500491100024,0,260.4667727767843,0,272.2862677986819,0
57,266.5593629373824,0,258.9595918136667,0,270.9023529045663,0
58,265.1632940884268,0,257.4482505712091,0,269.5092432386734,0
59,263.7622163352801,0,255.9333394512397,0,268.107414349421,0
60,262.3565469076045,0,254.4153853877019,0,266.6973782379729,0
61,260.9467265729,0,252.8949772524925,0,265.279664118723,0
62,259.5332610556205,0,251.3727912760754,0,263.8548604466807,0
63,258.116735862834,0,249.8495144394319,0,262.4236302908852,0
64,256.6978043599025,0,248.3259512666743,0,260.9866999035341,0
65,255.2773028289689,0,246.8030920982029,0,259.5449742151249,0
66,253.8562540346886,0,245.2820975036668,0,258.0995407972484,0
67,252.4360504271942,0,243.7646292791085,0,256.6518534116753,0
68,251.0185612910761,0,242.2535356743283,0,255.203839470268,0
69,249.6065219469403,0,240.7536863367566,0,253.7582894913671,0
70,248.2040375733844,0,239.2725203769907,0,252.3240563537666,0
71,246.817654346306,0,237.8219201124484,0,250.9150583116517,0
72,245.4582592098437,0,236.4203680832247,0,249.5442630298099,0
73,244.1512695093808,0,235.1027393528731,0,248.2378858071282,0
74,243.0066021751842,0,233.9759721418023,0,247.1057547174525,0
75,242.0611311415069,0,233.066993275069,0,246.1840868718461,0
76,241.1687547924675,0,232.2539015742582,0,245.325869766776,0
77,240.3126126326415,0,231.535907728508,0,244.5115877003749,0
78,239.3746853322817,0,230.8701911501475,0,243.6192130015885,0
79,238.3245751602652,0,230.3341180751928,0,242.6109330986812,0
80,237.1726037998159,0,230.0876625659166,0,241.4832820968796,0
81,235.9229364598246,0,228.9465977643299,0,240.2142313966461,0
82,234.5762965176414,0,226.9665589916397,0,238.7559300754214,0
83,233.130964072094,0,224.6232715482171,0,237.0254556563795,0
84,231.5837619385368,0,221.7404118655037,0,234.9119265436611,0
85,229.6862585772221,0,218.033752645592,0,232.3703797536618,0
86,225.6231149670968,0,213.9525365087356,0,230.3497172283675,0
87,221.6610653537887,0,209.979106611078,0,228.197836967862,0
88,217.8141857831396,0,206.1278022440601,0,224.4702366414413,0
89,214.1021995545327,0,202.418643698253,0,220.8806812480674,0
90,210.5612740723959,0,198.8880628322197,0,217.4648781287454,0
91,207.2545260578414,0,195.5994430151762,0,214.2855339054141,0
92,204.1208687646589,0,192.4920880297039,0,211.2811619818709,0
93,201.1261595516044,0,189.5322359711614,0,208.4172758388443,0
94,198.2526992954622,0,186.7026167566246,0,205.6758458652261,0
95,195.4626789999146,0,183.9658578285821,0,203.0187194749198,0
96,192.5534473177028,0,181.1197895310483,0,200.242912145519,0
97,189.734712670673,0,178.3746488887325,0,197.5579044934699,0
98,187.0010107232145,0,175.7254696904161,0,194.9579775781569,0
99,184.3477855581415,0,173.1683173369768,0,192.4382470401244,0
100,181.7710525796601,0,170.6997436856934,0,189.9945576866033,0
101,179.2674299776255,0,168.3170739494939,0,187.6232490176428,0
102,176.8338748412055,0,166.0177957892231,0,185.3210964377659,0
103,174.4677199863514,0,163.8000160428523,0,183.0851892464792,0
104,172.1666257909831,0,161.6618661773259,0,180.9130060208857,0
105,169.928458651765,0,159.601952717795,0,178.8022391748167,0
106,167.7513509541261,0,157.6187385000052,0,176.7508114999655,0
107,165.6335232742577,0,155.7108532024743,0,174.7567747065719,0
108,163.5733747569552,0,153.8766632238346,0,172.8183529329478,0
109,161.5695642412693,0,152.1143362041115,0,170.9340279998806,0
110,159.6206217633355,0,150.4210991494348,0,169.1021783788607,0
111,157.7254610762394,0,148.7922323625916,0,167.3215650991266,0
112,155.8828532249457,0,147.2184562361221,0,165.5907679767397,0
113,154.0918439811669,0,145.6966944800722,0,163.9086948368029,0
114,152.3514963147458,0,144.2258669151818,0,162.2742618689691,0
115,150.6608438381722,0,142.8048589842669,0,160.6863309120529,0
116,149.0190489979483,0,141.4326796108132,0,159.1439119686295,0
117,147.4254165480452,0,140.108474306024,0,157.646164017044,0
118,145.8791555109874,0,138.8312867279439,0,156.1921341045048,0
119,144.379625970072,0,137.6003050218981,0,154.781002121002,0
120,142.9261649319219,0,136.414687190414,0,153.4119821581466,0
121,141.5181677164231,0,135.2736419356175,0,152.084273466691,0
122,140.1550961547912,0,134.1764362548967,0,150.797165796762,0
123,138.8364832321737,0,133.1223994201881,0,149.550058481179,0
124,137.5616721458568,0,132.1106613105066,0,148.3420556382773,0
125,136.3302806163106,0,131.1406159150643,0,147.1726232727719,0
126,135.1419326857519,0,130.2116522569579,0,146.0412020675738,0
127,133.9975134192073,0,129.324408114072,0,144.9484129107011,0
128,132.896732785475,0,128.478332883935,0,143.8938417322072,0
129,131.8390452822857,0,127.6726060498352,0,142.8766245628183,0
130,130.8239118098821,0,126.9063978053738,0,141.8960276472096,0
131,129.8507983803383,0,126.1788664151607,0,140.9513096770213,0
132,128.9193728399771,0,125.4893534801142,0,140.0417314123161,0
133,128.0291732025332,0,124.8370507154835,0,139.1667637662828,0
134,127.1796716442439,0,124.22106228302,0,138.3253612322685,0
135,126.3705368424503,0,123.6406653702026,0,137.5167465138809,0
136,125.6013013058662,0,123.0949756915207,0,136.7407747367949,0
137,124.8715570751121,0,122.5831412993721,0,135.9959941606871,0
138,124.1809528903213,0,122.1043378503377,0,135.2817745303122,0
139,123.5289925193858,0,121.6575650776615,0,134.5974049440771,0
140,122.9152955099927,0,121.2419058066074,0,133.9418283401816,0
141,122.3393944314689,0,120.8563217110414,0,133.3142262925186,0
142,121.8007958672756,0,120.4997132304358,0,132.7135384021039,0
143,121.2989743512223,0,120.1709130842949,0,132.1386394787783,0
144,120.8334312241695,0,119.8687456975205,0,131.5885358602108,0
145,120.4036195874309,0,119.5919541973279,0,131.0619733975417,0
146,120.0088672632875,0,119.3391275796429,0,130.5576934739758,0
147,119.6484953645263,0,119.108826641774,0,130.074344772094,0
148,119.3216024705592,0,118.8993801547148,0,129.6103196868418,0
149,119.0273726194541,0,118.7092116787237,0,129.164204487753,0
150,118.764714489783,0,118.5365078294788,0,128.7342514857377,0
151,118.5324183332249,0,118.3794200445179,0,128.3187245653341,0
152,118.3290303266283,0,118.2360089205543,0,127.9158273883038,0
153,118.1526302107972,0,118.104134368834,0,127.523501318783,0
154,118.001012625975,0,117.9818284537113,0,127.13991255444,0
155,117.8711369487871,0,117.8671102229656,0,126.763221058574,0
156,117.7583554678162,0,117.7581459836254,0,126.3916985335293,0
157,117.6539629429275,0,117.653758235462,0,126.0243047704013,0
158,117.5540847331133,0,117.553881464352,0,125.6611292385274,0
159,117.4584866267667,0,117.4582847350549,0,125.3020553961165,0
160,117.3672075208975,0,117.3670069440195,0,124.9472798151956,0
161,117.2802260224357,0,117.2800266984846,0,124.5969463631806,0
162,117.1974605268473,0,117.1972623950933,0,124.2511204497045,0
163,117.1189013553782,0,117.1187043552295,0,123.9099564289046,0
164,117.0445447920915,0,117.0443488630112,0,123.5736137967745,0
165,116.9743272385477,0,116.9741323209153,0,123.2422241851633,0
166,116.9083232686129,0,116.9081293017315,0,122.9160368387154,0
167,116.8464158696419,0,116.8462227945049,0,122.5951312713344,0
168,116.7886924272028,0,116.78850018354,0,122.2797897809408,0
169,116.7351809684198,0,116.7349894955608,0,121.9702716709933,0
170,116.6857844349015,0,116.6855936735722,0,121.6666723860014,0
171,116.6406105947035,0,116.6404204840791,0,121.3693734517242,0
172,116.599708316009,0,116.5995187945586,0,121.0786193187948,0
173,116.563133727635,0,116.5629447330218,0,120.7947893525362,0
174,116.5308842071798,0,116.5306956771032,0,120.5180911323834,0
175,116.5030300346025,0,116.5028419057502,0,120.2489113256594,0
176,116.4796472945257,0,116.479459502489,0,119.9876571218997,0
177,116.4610107265427,0,116.4608232029561,0,119.7349157895413,0
178,116.4475652585589,0,116.4473779286476,0,119.4914577926322,0
179,116.4395122971098,0,116.4393250831984,0,119.2578471937056,0
180,116.4368501469933,0,116.4366629714319,0,119.0344168399771,0
