loop:1,season:59345225,P_air:0.9520316011673023,P_ice:0.02049660452673231,P_rego:0.02747179430596533,T_sub:193.7966018547953
0,351.8893464219001,0,349.0872626987521,0,349.6460505216725,0
1,351.5338377717862,0,348.7070116449871,0,349.483022269741,0
2,351.3775796962549,0,348.4795953880138,0,349.4732573462044,0
3,351.2252784502251,0,348.2557439355405,0,349.4681443474365,0
4,351.0467550790986,0,348.0115701304876,0,349.4443173316039,0
5,350.8315061770421,0,347.7385117920879,0,349.3928365688943,0
6,350.5748153207137,0,347.432309292395,0,349.3072326825948,0
7,350.2743303729758,0,347.0907258255751,0,349.179019054983,0
8,349.9288366498687,0,346.7122944277797,0,349.005600853467,0
9,349.5377168281952,0,346.296136875438,0,348.7865269566543,0
10,349.1006822748696,0,345.8415902954864,0,348.5215897823175,0
11,348.6176293303384,0,345.3481838345596,0,348.2107146310967,0
12,348.0885593297221,0,344.8155683249732,0,347.8538994273478,0
13,347.5135334400105,0,344.2434309440054,0,347.4511810285925,0
14,346.8926473626161,0,343.6315362176358,0,347.0026180169726,0
15,346.2260176467267,0,342.9796755480952,0,346.5082816785394,0
16,345.5137748372516,0,342.2876845555772,0,345.9682550176302,0
17,344.7560606074409,0,341.5554182016052,0,345.3826241148633,0
18,343.9530271486086,0,340.7827798552286,0,344.7514869549266,0
19,343.1048377697222,0,339.9697048155166,0,344.0749520696944,0
20,342.21166809051,0,339.1161235919403,0,343.3531401101285,0
21,341.2737075900342,0,338.2219921977604,0,342.5861854104739,0
22,340.2911629551068,0,337.287372964242,0,341.7742378726226,0
23,339.2642848523154,0,336.312318432792,0,340.917465572133,0
24,338.1936931065763,0,335.2968642199595,0,340.0160728228365,0
25,337.0840194560254,0,334.2414158301523,0,339.0705142844196,0
26,335.9424183621451,0,333.1471113753417,0,338.0820553790044,0
27,334.772412897153,0,332.0156069921351,0,337.0524100158456,0
28,333.5764679922411,0,330.8486327878348,0,335.9834081122199,0
29,332.356446113771,0,329.6479669617318,0,334.8768836748848,0
30,331.1138292506544,0,328.41534613644,0,333.7346198507125,0
31,329.8498383975113,0,327.1524013094082,0,332.5583217598645,0
32,328.5655077539651,0,325.8607048930392,0,331.3496047187498,0
33,327.2617345680399,0,324.5417323166882,0,330.1099913538108,0
34,325.9393144257727,0,323.1968674963449,0,328.8409138177185,0
35,324.5989672632612,0,321.8274315322146,0,327.5437192010228,0
36,323.2413572831376,0,320.4346681587639,0,326.2196764925985,0
37,321.867108900078,0,319.0197175725527,0,324.8699846064741,0
38,320.4768202399384,0,317.5837064721478,0,323.4957815569113,0
39,319.0710753571435,0,316.127704923313,0,322.0981543490418,0
40,317.6504561852904,0,314.6527228725596,0,320.6781498068563,0
41,316.2155552426832,0,313.1597598822382,0,319.2367866931396,0
42,314.7669901682266,0,311.6498119822614,0,317.7750701540687,0
43,313.305421173958,0,310.1238664925696,0,316.2940091537553,0
44,311.8315724098624,0,308.5829243009348,0,314.7946381212009,0
45,310.3462579822655,0,307.0280911883326,0,313.2780437177705,0
46,308.8504128722384,0,305.4605001404088,0,311.7453976437909,0
47,307.3451281916836,0,303.8814320348794,0,310.1979954401436,0
48,305.8316890545177,0,302.2923748670059,0,308.637300323518,0
49,304.3116118625639,0,300.694946121346,0,307.0649899112645,0
50,302.7866761475977,0,299.0911040769175,0,305.4830011716209,0
51,301.2589445292436,0,297.48308406909,0,303.8935667993215,0
52,299.7307632084226,0,295.8733739972475,0,302.2992344500803,0
53,298.2047351460756,0,294.2648987890834,0,300.7028587074729,0
54,296.6836590851092,0,292.6606893970381,0,299.1075555253278,0
55,295.1704301369864,0,291.0640618821016,0,297.5206610717433,0
56,293.6679017997295,0,289.4783674628364,0,295.9518554042116,0
57,292.1787146852456,0,287.9066381587023,0,294.406140594147,0
58,290.7051032239755,0,286.3518405790042,0,292.8870349948869,0
59,289.2486971922312,0,284.8159233525518,0,291.3967066257614,0
60,287.8103389413483,0,283.3000918462605,0,289.9360560249912,0
61,286.3899386658552,0,281.8051226774904,0,288.5048705651626,0
62,284.9863882552474,0,280.3295441077574,0,287.101473841005,0
63,283.5975491174889,0,278.871309967224,0,285.7231447009835,0
64,282.2203213784634,0,277.4273065082849,0,284.3657797368991,0
65,280.8507921693747,0,275.993090976067,0,283.0245275872023,0
66,279.4844507981913,0,274.5638206903948,0,281.6936647603897,0
67,278.1164499993512,0,273.1341092562482,0,280.367279551763,0
68,276.7418864311982,0,271.6985345144674,0,279.0393178579949,0
69,275.3560708838003,0,270.2520817277126,0,277.7041532870767,0
70,273.9547593875251,0,268.7901525971918,0,276.3567030975971,0
71,272.5343201404727,0,267.3090498658416,0,274.992717482448,0
72,271.0918171353529,0,265.8058943422157,0,273.6088729141345,0
73,269.6249987603778,0,264.2786551503945,0,272.2027134986509,0
74,268.1321878953505,0,262.7261364763498,0,270.7725913468656,0
75,266.6120788947458,0,261.1475841925316,0,269.3174001769046,0
76,265.0634563816381,0,259.5424920628408,0,267.8362786284749,0
77,263.4848609702694,0,257.9101991418042,0,266.3281975458044,0
78,261.8742374152934,0,256.2493830152341,0,264.7915612611107,0
79,260.2286099047716,0,254.5577390084924,0,263.2237691280541,0
80,258.5438349392178,0,252.8315806070509,0,261.6208202648847,0
81,256.8144815368163,0,251.0654413172652,0,259.9771144986217,0
82,255.033878784623,0,249.2517308967572,0,258.2854973581222,0
83,253.1943510637854,0,247.3812777522943,0,256.5373494412908,0
84,251.2876334385421,0,245.4430402550936,0,254.7230276548825,0
85,249.3054286408059,0,243.4245315592768,0,252.8328608946649,0
86,247.2400398389944,0,241.3120594020758,0,250.8581473868385,0
87,245.0849967454355,0,239.0909938082355,0,248.7925030370001,0
88,242.8355896446143,0,236.7456430121581,0,246.6329881830801,0
89,240.4892329337227,0,234.2580069781359,0,244.3814358203473,0
90,238.0455972615614,0,231.6072093926396,0,242.0427069052247,0
91,235.506443504524,0,228.7835451887281,0,239.6234594735365,0
92,232.8744418282224,0,225.90182157853,0,237.1375948234997,0
93,230.1503994316087,0,223.0207395001927,0,234.6018736307746,0
94,227.3712356451965,0,220.1899056317631,0,232.0337013219341,0
95,224.6171650294786,0,217.4329978696403,0,229.4144855822989,0
96,221.8940568421213,0,214.74638758123,0,226.8122850540853,0
97,219.1698819606101,0,212.1048765112328,0,224.2503808697242,0
98,216.3832342068103,0,209.4229345062729,0,221.6778584592423,0
99,213.4420455228396,0,206.0640714562804,0,219.0116917332676,0
100,210.2073942999294,0,199.9355177754709,0,216.1310480925404,0
101,206.4665016470505,0,193.7966086406709,124.1100131071095,212.866117980012,0
102,202.0556524648505,0,193.7966086406709,329.7675318173735,209.061005235775,0
103,197.5060462488241,0,193.7966086406709,463.5910189323038,205.2382955019161,0
104,193.7966018547953,145.8636785193102,193.7966086406709,495.911189164495,204.5010568257869,0
105,193.7966018547953,197.1577952147957,193.7966086406709,516.4018414456197,204.3396918387443,0
106,193.7966018547953,228.9365206334983,193.7966086406709,536.3521151446186,204.1755917531386,0
107,193.7966018547953,259.9696217464537,193.7966086406709,555.7858656782182,204.0087571443224,0
108,193.7966018547953,290.3080683157931,193.7966086406709,574.7140222498736,203.8392338265168,0
109,193.7966018547953,319.9673786407189,193.7966086406709,593.1415345390548,203.6669884595374,0
110,193.7966018547953,348.9613769521335,193.7966086406709,611.0757446516659,203.4920743446311,0
111,193.7966018547953,377.3027444359402,193.7966086406709,628.5234381780757,203.3145290322052,0
112,193.7966018547953,405.0027162984088,193.7966086406709,645.4892274233712,203.1343329121383,0
113,193.7966018547953,432.0713372338994,193.7966086406709,661.981650632976,202.9515994580672,0
114,193.7966018547953,458.5180310098049,193.7966086406709,678.0040197730698,202.7662882124658,0
115,193.7966018547953,484.3514070293866,193.7966086406709,693.5664039496936,202.5784798487308,0
116,193.7966018547953,509.5791729152181,193.7966086406709,708.6716327169199,202.1017294944849,0
117,193.7966018547953,534.2088539790392,193.7966086406709,723.3316000056013,200.9616324904241,0
118,193.7966018547953,558.2470269963187,193.7966086406709,737.5498473088112,198.3504692846615,0
119,193.7966018547953,581.699824450664,193.7966086406709,751.3398531446046,193.7966086406709,9.615287548313544
120,193.7966018547953,604.5731912349282,193.7966086406709,764.7076760288941,193.7966086406709,54.97780239914505
121,193.7966018547953,626.8723628955001,193.7966086406709,777.6684281838436,193.7966086406709,97.06282575137438
122,193.7966018547953,648.6028589048154,193.7966086406709,790.2336729507164,193.7966086406709,137.1724311540122
123,193.7966018547953,669.7693258664154,193.7966086406709,802.4210890900185,193.7966086406709,175.7878800300593
124,193.7966018547953,690.3762255537038,193.7966086406709,814.2511982645468,193.7966086406709,213.1148242262202
125,193.7966018547953,710.4277686657998,193.7966086406709,825.7507499421149,193.7966086406709,249.2002148609538
126,193.7966018547953,729.9284210885155,193.7966086406709,836.9636922072017,193.7966086406709,284.3022393842202
127,193.7966018547953,748.8825307762088,193.7966086406709,847.9640883212951,193.7966086406709,318.416793885736
128,193.7966018547953,767.2935205316745,193.7966086406709,858.7691384084241,193.7966086406709,351.5301374770057
129,193.7966018547953,785.1638874509534,193.7966086406709,869.3781874390294,193.7966086406709,383.8065741281777
130,193.7966018547953,802.4926144804444,193.7966086406709,879.7895895444053,193.7966086406709,415.1779301304236
131,193.7966018547953,819.2604965074864,193.7966086406709,889.9975354055344,193.7966086406709,445.7431943157922
132,193.7966018547953,835.3441957936712,193.7966086406709,899.9774529560705,193.7966086406709,475.4547450962606
133,193.7966018547953,849.9480799361437,193.7966086406709,909.6766626469963,193.7966086406709,504.2580614965481
134,193.7966018547953,865.5181193656422,193.7966086406709,919.6606990946442,193.7966086406709,531.5178905889508
135,193.7966018547953,881.0726053942315,193.7966086406709,929.218373028624,193.7966086406709,557.840993770296
136,193.7966018547953,895.4581316529653,193.7966086406709,938.5768850191724,193.7966086406709,584.3705837642549
137,193.7966018547953,909.3029224809976,193.7966086406709,947.7474223425705,193.7966086406709,610.3217375517952
138,193.7966018547953,922.6080713495899,193.7966086406709,956.7133600602405,193.7966086406709,635.5908470068744
139,193.7966018547953,935.4490622741769,193.7966086406709,965.4988651232875,193.7966086406709,660.1768727173875
140,193.7966018547953,947.8065184134283,193.7966086406709,974.0812591536362,193.7966086406709,684.0823249150729
141,193.7966018547953,959.6184829315245,193.7966086406709,982.465170874766,193.7966086406709,707.3363865004059
142,193.7966018547953,970.988213207251,193.7966086406709,990.6646975873958,193.7966086406709,729.8974434986085
143,193.7966018547953,981.9044586682634,193.7966086406709,998.6600533380038,193.7966086406709,751.799862987751
144,193.7966018547953,992.3161456668566,193.7966086406709,1006.45676321854,193.7966086406709,773.0653881295024
145,193.7966018547953,1002.255677049819,193.7966086406709,1014.053540492191,193.7966086406709,793.6822432790744
146,193.7966018547953,1011.678754004414,193.7966086406709,1021.452766169639,193.7966086406709,813.6501195592095
147,193.7966018547953,1020.754073198451,193.7966086406709,1028.652073413999,193.7966086406709,832.9505139385793
148,193.7966018547953,1029.327973531568,193.7966086406709,1035.646634685512,193.7966086406709,851.6504137592107
149,193.7966018547953,1037.454945001209,193.7966086406709,1042.437160582065,193.7966086406709,869.7183776877994
150,193.7966018547953,1045.14650678469,193.7966086406709,1049.022418146287,193.7966086406709,887.1630808285685
151,193.7966018547953,1052.412277780381,193.7966086406709,1055.401102203409,193.7966086406709,903.9847476722174
152,193.7966018547953,1059.258906971559,193.7966086406709,1061.571539280539,193.7966086406709,920.1919122889124
153,193.7966018547953,1065.67755685835,193.7966086406709,1067.538766882295,193.7966086406709,935.7832883697052
154,193.7966018547953,1071.799318599541,193.7966086406709,1073.292782212719,193.7966086406709,950.7636967381538
155,193.7966018547953,1077.522556259154,193.7966086406709,1078.835469195615,193.7966086406709,965.1561950825887
156,193.7966018547953,1082.928766196575,193.7966086406709,1084.165728707112,193.7966086406709,978.9489081984092
157,193.7966018547953,1088.088213778505,193.7966086406709,1089.282531383557,193.7966086406709,992.1527472188986
158,193.7966018547953,1093.031584549369,193.7966086406709,1094.184928636015,193.7966086406709,1004.767119407271
159,193.7966018547953,1097.758103066283,193.7966086406709,1098.872070465522,193.7966086406709,1016.801441103917
160,193.7966018547953,1102.266910480951,193.7966086406709,1103.343189061195,193.7966086406709,1028.258634208465
161,193.7966018547953,1106.557299807042,193.7966086406709,1107.597591437065,193.7966086406709,1039.143571505388
162,193.7966018547953,1110.628443997774,193.7966086406709,1111.63463530879,193.7966086406709,1049.462617021427
163,193.7966018547953,1114.479358444927,193.7966086406709,1115.453696558193,193.7966086406709,1059.218754568129
164,193.7966018547953,1118.098282883862,193.7966086406709,1119.053800239889,193.7966086406709,1068.419808697386
165,193.7966018547953,1121.507439339088,193.7966086406709,1122.44061021303,193.7966086406709,1077.067604433032
166,193.7966018547953,1124.714524456895,193.7966086406709,1125.603593617702,193.7966086406709,1085.172463290857
167,193.7966018547953,1127.682622448661,193.7966086406709,1128.546293264523,193.7966086406709,1092.733864479621
168,193.7966018547953,1130.428380996639,193.7966086406709,1131.268205544796,193.7966086406709,1099.760233558954
169,193.7966018547953,1132.951611115762,193.7966086406709,1133.768980413355,193.7966086406709,1106.254871802603
170,193.7966018547953,1135.252727977534,193.7966086406709,1136.048597026746,193.7966086406709,1112.224303770542
171,193.7966018547953,1137.332796903394,193.7966086406709,1138.107637370294,193.7966086406709,1117.675405447422
172,193.7966018547953,1139.19416687863,193.7966086406709,1139.947725899425,193.7966086406709,1122.614285965537
173,193.7966018547953,1140.841162623394,193.7966086406709,1141.57222043163,193.7966086406709,1127.052914447278
174,193.7966018547953,1142.281387137608,193.7966086406709,1142.987315116182,193.7966086406709,1131.00102257995
175,193.7966018547953,1143.527559248746,193.7966086406709,1144.203911763206,193.7966086406709,1134.479900819341
176,193.7966018547953,1144.601522584254,193.7966086406709,1145.241105496746,193.7966086406709,1137.511821719348
177,193.7966018547953,1145.542575987569,193.7966086406709,1146.133920489429,193.7966086406709,1140.144085751671
178,193.7966018547953,1146.430266958767,193.7966086406709,1146.954947150695,193.7966086406709,1142.453238799256
179,193.7966018547953,1147.465578555596,193.7966086406709,1147.903873813905,193.7966086406709,1144.652780199773
180,193.7966018547953,1150.253721237306,193.7966086406709,1150.267269972919,193.7966086406709,1148.034739618877
