loop:1,season:59345780,P_air:4.814134936009465e-08,P_ice:0,P_rego:0.00699995185865064,T_sub:96.02077909922926
0,276.1268366889304,0,272.3890908643753,0,273.1421654329438,0
1,276.1142103595236,0,272.3189774382366,0,273.1877046343449,0
2,276.0763351179904,0,272.2285456228663,0,273.2130628775607,0
3,276.0132225033786,0,272.1175929520537,0,273.2185403547549,0
4,275.9248918837881,0,271.9859585017048,0,273.2044766821938,0
5,275.8113700591846,0,271.8334603540741,0,273.1712411351201,0
6,275.6726917728027,0,271.6599431564105,0,273.1192639036332,0
7,275.5088991812923,0,271.4653537189018,0,273.0490269904091,0
8,275.3200422315629,0,271.2496104818349,0,272.9610302838317,0
9,275.1061786466404,0,271.0125939989983,0,272.8558776643483,0
10,274.8673736474434,0,270.7543022837057,0,272.7341713653966,0
11,274.6036999313787,0,270.4746727597205,0,272.5966467125397,0
12,274.315238044705,0,270.1737086753228,0,272.4439870647383,0
13,274.0020758313487,0,269.8513879158586,0,272.2770699373125,0
14,273.6643089349953,0,269.5077318114285,0,272.0966246635132,0
15,273.302040373652,0,269.1427832171984,0,271.9036122826348,0
16,272.9153806399237,0,268.7565631223504,0,271.6987457909376,0
17,272.5044476679199,0,268.3491298963646,0,271.4828261758433,0
18,272.0693667972591,0,267.920543212806,0,271.2563393938786,0
19,271.6102707347534,0,267.4708693755558,0,271.0193764021188,0
20,271.1272995146222,0,267.0002059018713,0,270.7712857509721,0
21,270.6206005947705,0,266.5086592709477,0,270.5091128742091,0
22,270.0903282565718,0,265.9963014356389,0,270.2253386046915,0
23,269.5366446720369,0,265.4632663026032,0,269.9181119687297,0
24,268.9597207562625,0,264.9096885519641,0,269.5875265152668,0
25,268.3635742285419,0,264.3358376612289,0,269.2338350199457,0
26,267.7566269262868,0,263.7428635321513,0,268.8581525434376,0
27,267.1429751446635,0,263.13247602781,0,268.4621395740727,0
28,266.5250401255694,0,262.5064496453867,0,268.0475387349383,0
29,265.9044029577883,0,261.8664736229646,0,267.6160209107215,0
30,265.2821227541118,0,261.2141625019157,0,267.1691219577681,0
31,264.6589049826206,0,260.5509044501117,0,266.7082177378994,0
32,264.0352040231897,0,259.8779479653132,0,266.2345188725021,0
33,263.4112924279776,0,259.1964302069618,0,265.7490775013163,0
34,262.7873075374927,0,258.507240219931,0,265.2527974329316,0
35,262.1632862785198,0,257.8112264122864,0,264.7464481479415,0
36,261.5391901420714,0,257.1090968887063,0,264.230678656506,0
37,260.914925071368,0,256.4013786095869,0,263.7060323023279,0
38,260.2903559186564,0,255.6886582305832,0,263.1729598941746,0
39,259.6653177417049,0,254.9712617502536,0,262.6318319799755,0
40,259.0396251218414,0,254.2495765922288,0,262.0829505039584,0
41,258.4130789049531,0,253.523943084526,0,261.5265586365855,0
42,257.7854723475023,0,252.7944592777224,0,260.962850362698,0
43,257.1565946806211,0,252.061533718037,0,260.3919775868486,0
44,256.5262359443643,0,251.3251420423065,0,259.8140584478705,0
45,255.8941883315843,0,250.5853096625742,0,259.2291819860346,0
46,255.2602499521151,0,249.8427043254361,0,258.6374150186141,0
47,254.6242254666786,0,249.0968663445475,0,258.0388056470855,0
48,253.9859278501897,0,248.3479862492316,0,257.4333876469801,0
49,253.3451796838338,0,247.596322775496,0,256.8211841431519,0
50,252.7018139997164,0,246.8417277051049,0,256.2022106046027,0
51,252.0556742007622,0,246.0843993504864,0,255.5764766961317,0
52,251.4066156012811,0,245.3243407684943,0,254.9439895486572,0
53,250.7545050209983,0,244.5615644750917,0,254.3047548985505,0
54,250.0992205910064,0,243.7962127472367,0,253.6587782715594,0
55,249.4406527214026,0,243.0282503116787,0,253.0060671775062,0
56,248.7787031412892,0,242.2577930643306,0,252.3466312421994,0
57,248.1132841123956,0,241.4848876695503,0,251.6804823920662,0
58,247.4443202700741,0,240.709561897223,0,251.0076375581606,0
59,246.7717446388031,0,239.931940964769,0,250.3281154592821,0
60,246.0954997742098,0,239.1520531836602,0,249.6419384260379,0
61,245.4155351680741,0,238.3699735267062,0,248.9491304126873,0
62,244.7318050235801,0,237.5858043972861,0,248.2497153121533,0
63,244.0442635782773,0,236.799580996133,0,247.543712759556,0
64,243.3528589952601,0,236.0114121260519,0,246.8311324515067,0
65,242.6575235693292,0,235.2223204287836,0,246.1119647338842,0
66,241.958156391561,0,234.4352337125413,0,245.3861636071882,0
67,241.2545919679888,0,233.6528520686595,0,244.6536156499367,0
68,240.546554347872,0,232.8785748154243,0,243.9140944182495,0
69,239.8335823661237,0,232.1169792017246,0,243.167185920986,0
70,239.1150196494374,0,231.3736000482106,0,242.416956769583,0
71,238.3910461372407,0,230.6566367853992,0,241.6708253115927,0
72,237.6870633851575,0,229.9849204546394,0,240.9560103531447,0
73,236.9356304917139,0,228.9656283304628,0,240.2047270745767,0
74,235.9417024390567,0,227.5290069127437,0,239.2194756415029,0
75,234.6591061024304,0,225.6824859090402,0,237.9486109618018,0
76,233.0201103300517,0,223.3429780666188,0,236.3147478989854,0
77,230.9395623613331,0,220.430979220982,0,234.2184379340613,0
78,227.9007566020443,0,217.0426807246498,0,231.6883552231055,0
79,224.5637858786709,0,213.647284877945,0,229.7144495191209,0
80,221.2568733114122,0,210.2867667312228,0,226.6619466965445,0
81,217.9834443350358,0,206.9647716055067,0,223.4696423209032,0
82,214.7472141428297,0,203.685159471654,0,220.3215992865273,0
83,211.552255902194,0,200.452265442311,0,217.2211326411316,0
84,208.4030973542794,0,197.2707601274248,0,214.1721799477389,0
85,205.3048619281752,0,194.1459260538795,0,211.1792270679166,0
86,202.2634896910175,0,191.0839623291697,0,208.2476480304684,0
87,199.2861109031591,0,188.092237500538,0,205.3840599602979,0
88,196.3817612078682,0,185.1800340339223,0,202.5969783236812,0
89,193.5630666602096,0,182.360260827021,0,199.8985764290501,0
90,190.8530883590512,0,179.6563168142642,0,197.3114710256692,0
91,188.2919909270161,0,177.1086596091789,0,194.8754280817628,0
92,185.8412022500917,0,174.6790922040203,0,192.551489925586,0
93,183.4792530234339,0,172.3465177715575,0,190.31785297149,0
94,181.1951073695936,0,170.1003182939385,0,188.1631654399323,0
95,178.9813175283339,0,167.9334742389731,0,186.079647349543,0
96,176.8323379678702,0,165.8409131938477,0,184.0614314015689,0
97,174.7438090760241,0,163.8188003613962,0,182.1039454582583,0
98,172.712182358488,0,161.8640862028391,0,180.203397409875,0
99,170.7344989627794,0,159.9744295322517,0,178.3565158624394,0
100,168.808246251631,0,158.1478633520291,0,176.5606258863189,0
101,166.931259197147,0,156.3829312600759,0,174.8132990146459,0
102,165.1016493757271,0,154.6782956148914,0,173.1124737073827,0
103,163.3177495232652,0,153.0330739386618,0,171.4562530322572,0
104,161.5780665918425,0,151.4462770339171,0,169.8429715310221,0
105,159.8812318016773,0,149.9173012660345,0,168.2710969316467,0
106,158.2259105162702,0,148.4451888187946,0,166.7390967871054,0
107,156.6103199078054,0,147.028610766178,0,165.2450290484985,0
108,155.031264599665,0,145.6643984426436,0,163.7855333256036,0
109,153.4839176918414,0,144.3472979067962,0,162.3556155617758,0
110,151.9667997529076,0,143.0745957357232,0,160.9536544148624,0
111,150.4810822943345,0,141.8438962833715,0,159.580678581284,0
112,149.0265758249789,0,140.6469991626226,0,158.2363164284427,0
113,147.5950360991112,0,139.4735494540928,0,156.91219530441,0
114,146.1847713907436,0,138.3217201353313,0,155.6064861597839,0
115,144.8081715028324,0,137.2037606778767,0,154.3314160509481,0
116,143.4661559873259,0,136.1204455141919,0,153.0877608644376,0
117,142.1589304552863,0,135.0718297588524,0,151.8755901865561,0
118,140.8865116396511,0,134.0577738672556,0,150.694767883627,0
119,139.6488328226923,0,133.0780486260483,0,149.5450564581679,0
120,138.4458113457273,0,132.1324021794199,0,148.4262597607239,0
121,137.2774834403946,0,131.2206943235221,0,147.3382278524639,0
122,136.1442828894125,0,130.3431745702759,0,146.2812318619861,0
123,135.04600484598,0,129.4994453362913,0,145.2549434177209,0
124,133.9824501449603,0,128.6891055181736,0,144.2589343321549,0
125,132.9534340410305,0,127.9117584341172,0,143.2928783379965,0
126,131.9588211992191,0,127.1670459362089,0,142.3564675691599,0
127,130.9984661574644,0,126.4545879088364,0,141.4493028239748,0
128,130.0722610889932,0,125.7740289696864,0,140.5711632066247,0
129,129.1801074012408,0,125.1250089072202,0,139.7216429237179,0
130,128.3219115732603,0,124.5071572478782,0,138.900464547178,0
131,127.4975865293084,0,123.9200932453891,0,138.1073458032882,0
132,126.7070451794961,0,123.3634179188688,0,137.3418032900039,0
133,125.9502142807938,0,122.8367262899808,0,136.603707361193,0
134,125.2270058301338,0,122.3395770329534,0,135.8924666613818,0
135,124.5373367318823,0,121.871510282911,0,135.2075650000117,0
136,123.8811202746968,0,121.4320371509467,0,134.549230178592,0
137,123.258242933899,0,121.0206144827228,0,133.9163350378898,0
138,122.6685900169282,0,120.6366684106775,0,133.3084947043114,0
139,122.1120428401666,0,120.2795894420186,0,132.7253824328935,0
140,121.5884468939987,0,119.9486986169242,0,132.1661763272992,0
141,121.0976359666907,0,119.6432698188639,0,131.6303668473098,0
142,120.6393916120478,0,119.3624877877377,0,131.1171728704726,0
143,120.2134869071064,0,119.105491012515,0,130.6257711566694,0
144,119.8196364773049,0,118.8713218186961,0,130.1553811765387,0
145,119.4575089083725,0,118.6589402449432,0,129.7049608021998,0
146,119.1267085439605,0,118.4672093995433,0,129.2735209360577,0
147,118.826754397819,0,118.2948810284607,0,128.859895777632,0
148,118.5570838549808,0,118.1406104516384,0,128.4627989770291,0
149,118.3170008930213,0,118.0029228363101,0,128.0809130216552,0
150,118.1056738955946,0,117.8802393474031,0,127.7127189554162,0
151,117.9220717361834,0,117.7708574579402,0,127.3566207685128,0
152,117.7649030135921,0,117.6729598629414,0,127.0109381989322,0
153,117.6325599952783,0,117.5846712580186,0,126.6738708324586,0
154,117.5228946697573,0,117.5040275158204,0,126.3435825165876,0
155,117.4330140675937,0,117.4291406147355,0,126.0183187955253,0
156,117.3584285140931,0,117.3582952783091,0,125.6964629322842,0
157,117.290549469308,0,117.2904200387419,0,125.3770736093202,0
158,117.2254728969876,0,117.2253449149521,0,125.0601280045581,0
159,117.1631991145802,0,117.1630725186887,0,124.7457353864146,0
160,117.1037198172592,0,117.1035945453076,0,124.4340369772983,0
161,117.0470301363398,0,117.0469061262328,0,124.1251845188134,0
162,116.9931430366393,0,116.9930202259942,0,123.8193292825039,0
163,116.9420601596704,0,116.9419384860673,0,123.5166280777728,0
164,116.8938005498666,0,116.893679950463,0,123.2172530975995,0
165,116.8483784377386,0,116.848258849374,0,122.9214046509528,0
166,116.8058169796179,0,116.8056983386172,0,122.629269151863,0
167,116.766139506952,0,116.7660217491207,0,122.3410573902534,0
168,116.7293877665739,0,116.7292708267882,0,122.056994532773,0
169,116.6956060269882,0,116.6954898391431,0,121.7773432905611,0
170,116.6647876406637,0,116.6646721387977,0,121.5022804733483,0
171,116.6369263064274,0,116.6368114247214,0,121.2320581699945,0
172,116.6120163454528,0,116.6119020182126,0,120.9668571052372,0
173,116.5900526946211,0,116.5899388562655,0,120.7069788268816,0
174,116.5710309006221,0,116.5709174856688,0,120.4526093828822,0
175,116.5549397792661,0,116.5548267224815,0,120.2039472276435,0
176,116.5417760721962,0,116.5416633084197,0,119.961301551069,0
177,116.5315444587003,0,116.5314319226671,0,119.7249715791568,0
178,116.5242355386922,0,116.5241231653468,0,119.4952538782028,0
179,116.5198551794411,0,116.519742903599,0,119.2724993334161,0
180,116.5183950605074,0,116.5182828175603,0,119.0571033952656,0
