loop:1,season:59346335,P_air:0.9470771501501374,P_ice:0.008816510366895847,P_rego:0.04410633948296679,T_sub:193.7369569838446
0,193.7369569838446,844.9390691048621,193.7369612264364,844.95340008516,193.7369612264364,844.95340008516
1,193.7369569838446,822.2796780433154,193.7369612264364,826.960118258238,193.7369612264364,826.960118258238
2,193.7369569838446,815.5230822992327,193.7369612264364,819.5797076417357,193.7369612264364,819.5797076417357
3,193.7369569838446,808.7376805148174,193.7369612264364,813.0216819595483,193.7369612264364,813.0216819595483
4,193.7369569838446,801.2698653842135,193.7369612264364,805.9107193145672,193.7369612264364,805.9107193145672
5,193.7369569838446,792.7463837963708,193.7369612264364,797.7614718560718,193.7369612264364,797.7614718560718
6,193.7369569838446,782.9656824200038,193.7369612264364,788.3581496258217,193.7369612264364,788.3581496258217
7,193.7369569838446,771.8262167716049,193.7369612264364,777.600755117821,193.7369612264364,777.600755117821
8,193.7369569838446,759.2840253536109,193.7369612264364,765.448522274148,193.7369612264364,765.448522274148
9,193.7369569838446,745.3275979094013,193.7369612264364,751.8923553731211,193.7369612264364,751.8923553731211
10,193.7369569838446,729.9617254499575,193.7369612264364,736.9380232307631,193.7369612264364,736.9380232307631
11,193.7369569838446,713.0614479215924,193.7369612264364,720.4471950551532,193.7369612264364,720.4471950551532
12,193.7369569838446,694.3955866468892,193.7369612264364,702.1960604884468,193.7369612264364,702.1960604884468
13,193.7369569838446,673.8566797391337,193.7369612264364,682.0815098322037,193.7369612264364,682.0815098322037
14,193.7369569838446,651.3716852679157,193.7369612264364,660.0343531633463,193.7369612264364,660.0343531633463
15,193.7369569838446,626.8753531498745,193.7369612264364,635.9926472117943,193.7369612264364,635.9926472117943
16,193.7369569838446,600.2987831616327,193.7369612264364,609.8912125408358,193.7369612264364,609.8912125408358
17,193.7369569838446,571.5620102890922,193.7369612264364,581.656790560536,193.7369612264364,581.656790560536
18,193.7369569838446,540.5677609240981,193.7369612264364,551.1969700482193,193.7369612264364,551.1969700482193
19,193.7369569838446,507.1946138928135,193.7369612264364,518.3992851375373,193.7369612264364,518.3992851375373
20,193.7369569838446,471.2886199520478,193.7369612264364,483.1207200964089,193.7369612264364,483.1207200964089
21,193.7369569838446,432.6501401688724,193.7369612264364,445.1757316684619,193.7369612264364,445.1757316684619
22,193.7369569838446,391.0118342273037,193.7369612264364,404.3142078267662,193.7369612264364,404.3142078267662
23,193.7369569838446,346.0082881401445,193.7369612264364,360.181029701803,193.7369612264364,360.181029701803
24,193.7369569838446,28.2004587870253,193.7369612264364,312.2066440402733,193.7369612264364,312.2066440402733
25,204.988584969877,0,193.7369612264364,98.90112626034106,193.7369612264364,98.90112626034106
26,214.2175492119299,0,208.6578131821266,0,208.6578131821266,0
27,222.5774888501958,0,221.1814716556963,0,221.1814716556963,0
28,230.2466935751223,0,230.529547405256,0,230.529547405256,0
29,236.9165973044234,0,237.6697480877563,0,237.6697480877563,0
30,242.6812388810591,0,243.4166950265915,0,243.4166950265915,0
31,247.6484065304156,0,248.2849572005246,0,248.2849572005246,0
32,251.925221595679,0,252.4558642992117,0,252.4558642992117,0
33,255.6058814128216,0,256.0374815091499,0,256.0374815091499,0
34,258.7707503647756,0,259.1120721053789,0,259.1120721053789,0
35,261.4890631631885,0,261.7485311213609,0,261.7485311213609,0
36,263.8212671196132,0,264.0067051448104,0,264.0067051448104,0
37,265.8204819403745,0,265.9391839518611,0,265.9391839518611,0
38,267.5334326828864,0,267.5922622440601,0,267.5922622440601,0
39,269.001128923883,0,269.0065488221423,0,269.0065488221423,0
40,270.2594141829481,0,270.2175203728781,0,270.2175203728781,0
41,271.3394421381997,0,271.255952985883,0,271.255952985883,0
42,272.268110658833,0,272.1483012551692,0,272.1483012551692,0
43,273.0684713093825,0,272.917200846999,0,272.917200846999,0
44,273.7601226930047,0,273.5817602284642,0,273.5817602284642,0
45,274.35958972784,0,274.1580679867619,0,274.1580679867619,0
46,274.8806872985877,0,274.6594467662421,0,274.6594467662421,0
47,275.3348650663801,0,275.096937317967,0,275.096937317967,0
48,275.7315299034594,0,275.4794986186084,0,275.4794986186084,0
49,276.0783429137628,0,275.8144291914941,0,275.8144291914941,0
50,276.3814889132086,0,276.1075669074759,0,276.1075669074759,0
51,276.6459173008714,0,276.3635362985769,0,276.3635362985769,0
52,276.8755542760841,0,276.586027105781,0,276.586027105781,0
53,277.0734872424121,0,276.7778685024873,0,276.7778685024873,0
54,277.2421229371241,0,276.9412846575999,0,276.9412846575999,0
55,277.3833213214674,0,277.0779886343988,0,277.0779886343988,0
56,277.4985075744329,0,277.1892341447087,0,277.1892341447087,0
57,277.5887646758782,0,277.2760284867907,0,277.2760284867907,0
58,277.6549090753667,0,277.3390984955973,0,277.3390984955973,0
59,277.6975518531743,0,277.3789565012246,0,277.3789565012246,0
60,277.7171476198568,0,277.3960286359568,0,277.3960286359568,0
61,277.7140331963943,0,277.3906182340659,0,277.3906182340659,0
62,277.6884578897989,0,277.3629110075752,0,277.3629110075752,0
63,277.6406069454729,0,277.3130735883035,0,277.3130735883035,0
64,277.5706195297295,0,277.2412611837084,0,277.2412611837084,0
65,277.4786023819187,0,277.1475367606528,0,277.1475367606528,0
66,277.3646400807899,0,277.031954698371,0,277.031954698371,0
67,277.228802696651,0,276.8946265418294,0,276.8946265418294,0
68,277.071151450443,0,276.7355979849454,0,276.7355979849454,0
69,276.8917428726203,0,276.5548925476019,0,276.5548925476019,0
70,276.6906318472843,0,276.3525608442871,0,276.3525608442871,0
71,276.467873838567,0,276.1287090662736,0,276.1287090662736,0
72,276.2235265245646,0,275.8833661481679,0,275.8833661481679,0
73,275.957651006985,0,275.6165607959259,0,275.6165607959259,0
74,275.6703127198605,0,275.3283708758963,0,275.3283708758963,0
75,275.3615821261808,0,275.0189190843943,0,275.0189190843943,0
76,275.0315352651443,0,274.688246026183,0,274.688246026183,0
77,274.6802541933681,0,274.3363959581155,0,274.3363959581155,0
78,274.3078273493492,0,273.9634715997962,0,273.9634715997962,0
79,273.9143498605148,0,273.5696392827678,0,273.5696392827678,0
80,273.4999238053848,0,273.1549570473069,0,273.1549570473069,0
81,273.0646584388628,0,272.7194853576328,0,272.7194853576328,0
82,272.6086703857958,0,272.2633374517761,0,272.2633374517761,0
83,272.1320838062598,0,271.7867595574256,0,271.7867595574256,0
84,271.6350305351318,0,271.2898280099081,0,271.2898280099081,0
85,271.1176501980486,0,270.7726049691898,0,270.7726049691898,0
86,270.5800903057648,0,270.2351930823161,0,270.2351930823161,0
87,270.0225063289204,0,269.6779920527676,0,269.6779920527676,0
88,269.4450617553137,0,269.1010742361019,0,269.1010742361019,0
89,268.8479281318619,0,268.504419680412,0,268.504419680412,0
90,268.2312850934366,0,267.8881575892455,0,267.8881575892455,0
91,267.5953203807873,0,267.2531061318415,0,267.2531061318415,0
92,266.9402298495895,0,266.5988301432172,0,266.5988301432172,0
93,266.2662174724817,0,265.9255834287695,0,265.9255834287695,0
94,265.5734953354781,0,265.2337689621583,0,265.2337689621583,0
95,264.8622836293603,0,264.5236974499162,0,264.5236974499162,0
96,264.1328106351681,0,263.7953522986898,0,263.7953522986898,0
97,263.3853127001573,0,263.0490140635136,0,263.0490140635136,0
98,262.6200341953876,0,262.2850039255587,0,262.2850039255587,0
99,261.8372274365641,0,261.5036291086239,0,261.5036291086239,0
100,261.0371525324261,0,260.7050271088093,0,260.7050271088093,0
101,260.2200770940681,0,259.8894686955296,0,259.8894686955296,0
102,259.3862756852191,0,259.0572772957252,0,259.0572772957252,0
103,258.5360288033688,0,258.2087783077608,0,258.2087783077608,0
104,257.6696210342408,0,257.344187894143,0,257.344187894143,0
105,256.7873377888543,0,256.4637822406896,0,256.4637822406896,0
106,255.8894596761155,0,255.5678893586586,0,255.5678893586586,0
107,254.9762530418514,0,254.6568280984283,0,254.6568280984283,0
108,254.0479544750022,0,253.7308113479557,0,253.7308113479557,0
109,253.104746115725,0,252.7900554976446,0,252.7900554976446,0
110,252.1467174075629,0,251.8347551750282,0,251.8347551750282,0
111,251.1738075931019,0,250.8649883870826,0,250.8649883870826,0
112,250.1857219380475,0,249.8805727673399,0,249.8805727673399,0
113,249.1818136918959,0,248.8810948020468,0,248.8810948020468,0
114,248.1609236027223,0,247.8657392063437,0,247.8657392063437,0
115,247.1211699553016,0,246.8330459694351,0,246.8330459694351,0
116,246.0596851699073,0,245.7806113702337,0,245.7806113702337,0
117,244.9723004210344,0,244.7048925180623,0,244.7048925180623,0
118,243.8531875956362,0,243.6007601981893,0,243.6007601981893,0
119,242.69447765627,0,242.4610006863483,0,242.4610006863483,0
120,241.4858846099914,0,241.2759519550197,0,241.2759519550197,0
121,240.2143727989934,0,240.0330940730196,0,240.0330940730196,0
122,238.8639123445221,0,238.7166306993494,0,238.7166306993494,0
123,237.4153741984866,0,237.3068738809813,0,237.3068738809813,0
124,235.8465848677813,0,235.7785313183018,0,235.7785313183018,0
125,234.1323743276486,0,234.0984382918103,0,234.0984382918103,0
126,232.2444216973123,0,232.2196567559047,0,232.2196567559047,0
127,230.1537047604939,0,230.0690874536506,0,230.0690874536506,0
128,227.858229101649,0,227.6962882944416,0,227.6962882944416,0
129,225.4452358692277,0,225.2409910358511,0,225.2409910358511,0
130,222.9604717961818,0,222.7290538253417,0,222.7290538253417,0
131,220.4317206686118,0,220.1783311494758,0,220.1783311494758,0
132,217.8796055574846,0,217.6037670811617,0,217.6037670811617,0
133,215.3233717952463,0,215.0208029469275,0,215.0208029469275,0
134,212.7838755110274,0,212.4477341994774,0,212.4477341994774,0
135,210.2847085529648,0,209.9073948152379,0,209.9073948152379,0
136,207.8512132095181,0,207.4276743997568,0,207.4276743997568,0
137,205.5062583952077,0,205.0401716867524,0,205.0401716867524,0
138,203.2608279548101,0,202.7748834748903,0,202.7748834748903,0
139,201.0966201128276,0,200.6486524474915,0,200.6486524474915,0
140,198.9369523883621,0,198.6432978219289,0,198.6432978219289,0
141,196.6012344149069,0,193.7369612264364,105.8786005482287,193.7369612264364,105.8786005482287
142,193.7369569838446,56.89081752384519,193.7369612264364,283.7805091530453,193.7369612264364,283.7805091530453
143,193.7369569838446,304.700286579722,193.7369612264364,351.919110458424,193.7369612264364,351.919110458424
144,193.7369569838446,377.8114731828069,193.7369612264364,416.3096315400932,193.7369612264364,416.3096315400932
145,193.7369569838446,443.5376321486284,193.7369612264364,476.4857773051818,193.7369612264364,476.4857773051818
146,193.7369569838446,505.7022542298233,193.7369612264364,534.4798815532039,193.7369612264364,534.4798815532039
147,193.7369569838446,565.2287401471706,193.7369612264364,592.0610268157847,193.7369612264364,592.0610268157847
148,193.7369569838446,623.0237260286575,193.7369612264364,647.3636746648948,193.7369612264364,647.3636746648948
149,193.7369569838446,679.2818901585973,193.7369612264364,702.2199492190825,193.7369612264364,702.2199492190825
150,193.7369569838446,733.9524653036881,193.7369612264364,755.5560872381834,193.7369612264364,755.5560872381834
151,193.7369569838446,787.4432582574299,193.7369612264364,807.7900796016874,193.7369612264364,807.7900796016874
152,193.7369569838446,839.3548205932702,193.7369612264364,858.4039291600479,193.7369612264364,858.4039291600479
153,193.7369569838446,889.5366069565594,193.7369612264364,907.8143248434732,193.7369612264364,907.8143248434732
154,193.7369569838446,937.64762643873,193.7369612264364,955.1056922055319,193.7369612264364,955.1056922055319
155,193.7369569838446,983.2228492077982,193.7369612264364,999.7926127389884,193.7369612264364,999.7926127389884
156,193.7369569838446,1024.737578103324,193.7369612264364,1040.598312618362,193.7369612264364,1040.598312618362
157,193.7369569838446,1063.288940111752,193.7369612264364,1078.503215414248,193.7369612264364,1078.503215414248
158,193.7369569838446,1099.396265027997,193.7369612264364,1114.026848948591,193.7369612264364,1114.026848948591
159,193.7369569838446,1133.365595562673,193.7369612264364,1147.46742407357,193.7369612264364,1147.46742407357
160,193.7369569838446,1165.441333998638,193.7369612264364,1178.870820221458,193.7369612264364,1178.870820221458
161,193.7369569838446,1195.557245990055,193.7369612264364,1208.420422595211,193.7369612264364,1208.420422595211
162,193.7369569838446,1223.835746205005,193.7369612264364,1236.125267942552,193.7369612264364,1236.125267942552
163,193.7369569838446,1250.330956864784,193.7369612264364,1262.024133978862,193.7369612264364,1262.024133978862
164,193.7369569838446,1275.07730474501,193.7369612264364,1286.164005068789,193.7369612264364,1286.164005068789
165,193.7369569838446,1298.063493315961,193.7369612264364,1308.582809216759,193.7369612264364,1308.582809216759
166,193.7369569838446,1319.427940798142,193.7369612264364,1329.348712954431,193.7369612264364,1329.348712954431
167,193.7369569838446,1339.14592737537,193.7369612264364,1348.429875886343,193.7369612264364,1348.429875886343
168,193.7369569838446,1357.180965020553,193.7369612264364,1365.877368035256,193.7369612264364,1365.877368035256
169,193.7369569838446,1373.606192009003,193.7369612264364,1381.734787506581,193.7369612264364,1381.734787506581
170,193.7369569838446,1388.498637416769,193.7369612264364,1396.088682861238,193.7369612264364,1396.088682861238
171,193.7369569838446,1402.063279454457,193.7369612264364,1409.157734965821,193.7369612264364,1409.157734965821
172,193.7369569838446,1414.401964246644,193.7369612264364,1421.02445552976,193.7369612264364,1421.02445552976
173,193.7369569838446,1425.488641624972,193.7369612264364,1431.664086974604,193.7369612264364,1431.664086974604
174,193.7369569838446,1435.31457756682,193.7369612264364,1441.067340691945,193.7369612264364,1441.067340691945
175,193.7369569838446,1443.903634124131,193.7369612264364,1449.253949395928,193.7369612264364,1449.253949395928
176,193.7369569838446,1451.337912181364,193.7369612264364,1456.297843381439,193.7369612264364,1456.297843381439
177,193.7369569838446,1457.802474474388,193.7369612264364,1462.379677919898,193.7369612264364,1462.379677919898
178,193.7369569838446,1463.666182193572,193.7369612264364,1467.923386715678,193.7369612264364,1467.923386715678
179,193.7369569838446,1469.621621378233,193.7369612264364,1474.133390826646,193.7369612264364,1474.133390826646
180,193.7369569838446,1489.208802875967,193.7369612264364,1489.223086158361,193.7369612264364,1489.223086158361
