loop:1,season:59345965,P_air:0.0494409478337714,P_ice:0.01102546499177257,P_rego:0.03953358717445605,T_sub:164.3028893868311
0,164.3028893868311,771.2752259392361,164.3029462833769,210.1922636888578,164.3029462833769,662.4038886975667
1,164.3028893868311,768.6546364010561,164.3029462833769,147.6205004283135,164.3029462833769,698.9492792586277
2,164.3028893868311,765.8722991275747,164.3029462833769,84.17353340142253,164.3029462833769,735.3567726459985
3,164.3028893868311,761.5840442691054,164.3029462833769,19.49101969877038,164.3029462833769,769.4056940075341
4,164.3028893868311,755.6484417038484,169.8516517136967,0,164.3029462833769,800.3803828270873
5,164.3028893868311,748.0654943115464,172.1398133471494,0,164.3029462833769,827.9675496975958
6,164.3028893868311,738.8635116187137,172.9502814911405,0,164.3029462833769,850.1098657821196
7,164.3028893868311,728.0769243799747,173.3387172011455,0,164.3029462833769,868.3885591775203
8,164.3028893868311,715.7423769379175,173.5786009785949,0,164.3029462833769,883.2707674454585
9,164.3028893868311,701.9001461913613,173.7584532683587,0,164.3029462833769,895.2791862709465
10,164.3028893868311,686.5960776142489,173.9094607869124,0,164.3029462833769,905.6824256262424
11,164.3028893868311,669.7272994283983,174.0461111250933,0,164.3029462833769,922.410172841874
12,164.3028893868311,651.0636719661564,174.1729924050474,0,164.3029462833769,941.3337237490913
13,164.3028893868311,630.4988849338389,174.2940372979624,0,164.3029462833769,961.1443107084021
14,164.3028893868311,607.9505652920187,174.4101442545586,0,164.3029462833769,980.2364666546911
15,164.3028893868311,583.3359115566941,174.5218705542095,0,164.3029462833769,998.3308785554233
16,164.3028893868311,556.563982671582,174.6294457666073,0,164.3029462833769,926.3128660055116
17,164.3028893868311,527.5311916085315,174.7329604755685,0,164.3029462833769,858.7528021441221
18,164.3028893868311,496.1158734298787,174.8324033576169,0,164.3029462833769,795.7748950262094
19,164.3028893868311,462.171678026474,174.9277718325353,0,164.3029462833769,738.4412921939598
20,164.3028893868311,425.5179366831488,175.0190162781774,0,164.3029462833769,687.2463895004311
21,164.3028893868311,385.9242507877412,175.1060748193734,0,164.3029462833769,644.2711658585458
22,164.3028893868311,343.0853044480834,175.1889333222898,0,164.3029462833769,603.6408648718075
23,164.3028893868311,296.5701086786644,175.2675139870319,0,164.3029462833769,564.56490378787
24,164.3028893868311,245.7031268951755,175.3417862633592,0,164.3029462833769,526.8485080570825
25,164.3028893868311,189.1406613663349,175.41172721691,0,164.3029462833769,490.567312689758
26,164.3028893868311,124.7317977725516,175.4772543449519,0,164.3029462833769,455.6718685711765
27,164.3028893868311,50.8497388855375,175.5383700430109,0,164.3029462833769,422.366081739114
28,171.4239171821021,0,177.9210340585021,0,164.3029462833769,337.8696319043059
29,182.8425610352433,0,186.8846936598869,0,165.7103689450155,0
30,192.5432209623824,0,195.8380480629036,0,185.7214070499816,0
31,201.1832805410133,0,204.1469327018971,0,196.975793285193,0
32,209.0486139361448,0,211.8079428661745,0,205.6456535144241,0
33,216.3195311479429,0,218.9208058450627,0,213.1356541232717,0
34,223.1042781065178,0,225.5719174702946,0,219.9249526112786,0
35,229.3905527556239,0,231.6600574448601,0,226.1329955354391,0
36,234.4690325261206,0,236.3826889109974,0,231.512598201861,0
37,238.0178224364433,0,239.7786322609811,0,234.9490306796784,0
38,240.696598357509,0,242.3244946817686,0,237.4593572271048,0
39,242.8404206961864,0,244.346911977906,0,239.4406230141696,0
40,244.6210194720771,0,246.0162385372205,0,241.069151057194,0
41,246.0735479918517,0,247.3629273162375,0,242.3922148317911,0
42,247.1616490624789,0,248.3392337634612,0,243.3793542338514,0
43,247.9006249383734,0,248.9575496314085,0,244.041609564315,0
44,248.3902220299857,0,249.3250088820806,0,244.4812153734462,0
45,248.7401604866151,0,249.55557171513,0,244.807041119371,0
46,249.0226851572121,0,249.7213069403734,0,245.0868468447958,0
47,249.2726802103282,0,249.8557016670283,0,245.3506200468495,0
48,249.503503559861,0,249.971163540666,0,245.6079493768155,0
49,249.719325014538,0,250.0715213431786,0,245.8603968267531,0
50,249.9211604254446,0,250.1576217400282,0,246.1071563391676,0
51,250.1091233354562,0,250.2295256654629,0,246.3470015168757,0
52,250.2831129676761,0,250.2871710432655,0,246.578799132823,0
53,250.4429924024313,0,250.3306082347553,0,246.8016516092067,0
54,250.5886282886579,0,250.359684380715,0,247.0147546955466,0
55,250.7198980236122,0,250.3742381976847,0,247.2174963020174,0
56,250.8366900918165,0,250.3741638319104,0,247.4093300969376,0
57,250.9389033456267,0,250.3596838610649,0,247.5898198243644,0
58,251.0264464924473,0,250.3306286264772,0,247.7585727228193,0
59,251.0992376679218,0,250.2867690623045,0,247.9152579801066,0
60,251.1572040076985,0,250.2280392732405,0,248.059578245712,0
61,251.2002812561122,0,250.1550604589083,0,248.1912898821957,0
62,251.2284134030242,0,250.0671796828528,0,248.3101650756183,0
63,251.2415523488316,0,249.9644304734163,0,248.4160045044315,0
64,251.2396576296956,0,249.8470083105968,0,248.5086394502157,0
65,251.2226961637046,0,249.7150474501303,0,248.5879147809632,0
66,251.1906420276864,0,249.5682875077025,0,248.6536892305319,0
67,251.1434762689962,0,249.4067935384955,0,248.7058430172254,0
68,251.0811867444898,0,249.2306821587347,0,248.7442801305893,0
69,251.0037679987803,0,249.0400576457586,0,248.7688895349892,0
70,250.9112211770786,0,248.8348225040309,0,248.7795989181741,0
71,250.8035539109789,0,248.6150253812543,0,248.7763537558892,0
72,250.680780120277,0,248.3807756098715,0,248.7590659184023,0
73,250.5429198128836,0,248.1321853741352,0,248.7277180719516,0
74,250.3899990145051,0,247.8692392768417,0,248.6822371867877,0
75,250.2220497895724,0,247.5919903092516,0,248.6226281676681,0
76,250.0391102569085,0,247.3005584699417,0,248.5488314635406,0
77,249.8412245409949,0,246.9950683874696,0,248.460871895714,0
78,249.6284426790093,0,246.6755486143819,0,248.3587068462385,0
79,249.4008205380284,0,246.3420776137198,0,248.2423603544667,0
80,249.1584197702653,0,245.9947914313944,0,248.1118390474307,0
81,248.9013078086363,0,245.6338275068501,0,247.9671367620949,0
82,248.6295579021465,0,245.2592378036416,0,247.8083117121857,0
83,248.3432491971109,0,244.8711402658427,0,247.6353601024152,0
84,248.0424668661296,0,244.4696911097935,0,247.4483319615,0
85,247.7273022412977,0,244.0550320259557,0,247.2472883425315,0
86,247.3978527938785,0,243.6272418258794,0,247.0322367081007,0
87,247.0542216909857,0,243.1864851200053,0,246.8032724587385,0
88,246.696516823139,0,242.732939871913,0,246.5604553393026,0
89,246.3248497691012,0,242.2667180951599,0,246.3038181299607,0
90,245.9393354494539,0,241.7879626965101,0,246.0334617409576,0
91,245.540092535634,0,241.2968644482111,0,245.7494704637377,0
92,245.1272441168336,0,240.7935755290689,0,245.4518875604603,0
93,244.7009182193881,0,240.2782304481374,0,245.1408051159632,0
94,244.2612480827463,0,239.7510314192077,0,244.8163526626732,0
95,243.8083722516549,0,239.2121558633603,0,244.4785910119543,0
96,243.3424344695751,0,238.6617463687413,0,244.1275982774196,0
97,242.8635826623118,0,238.1000138055781,0,243.7635372968855,0
98,242.3719620932096,0,237.5271023208515,0,243.3865012838265,0
99,241.867675780361,0,236.9430876519127,0,242.9965311181484,0
100,241.35059386581,0,236.3478357337844,0,242.5935095900983,0
101,240.8196223456123,0,235.7401599907077,0,242.1765316393643,0
102,240.2706276580697,0,235.1157867807262,0,241.7417229223939,0
103,239.6927326882892,0,234.4628663460683,0,241.2783424990111,0
104,239.0663470239835,0,233.7580846421567,0,240.7662558261723,0
105,238.3683666763247,0,232.9707617110122,0,240.1822235451127,0
106,237.5746842114191,0,232.0605788187317,0,239.5024498009911,0
107,236.6593226271223,0,230.9668097581023,0,238.7020856848434,0
108,235.5933841397085,0,229.5994398742114,0,237.7557220096455,0
109,234.3442921884943,0,227.9985159396528,0,236.6400014295769,0
110,232.875118040492,0,226.1877903953557,0,235.3396831912208,0
111,231.1438427997099,0,224.1932332645299,0,233.8609807184371,0
112,229.1451417870609,0,222.1012947124119,0,232.2527559791709,0
113,227.0869022749837,0,219.9808391853431,0,230.511625692437,0
114,225.0011288742072,0,217.8361605989858,0,228.5704413052319,0
115,222.8890857138752,0,215.6683542158795,0,226.584452708438,0
116,220.7517189122485,0,213.4784561872279,0,224.5718166153567,0
117,218.5899630557959,0,211.267552478729,0,222.5337046741555,0
118,216.404753003478,0,209.0367026946396,0,220.4709144752888,0
119,214.19703049687,0,206.7870045122605,0,218.3840987462089,0
120,211.9677493201069,0,204.519586734015,0,216.2740856234777,0
121,209.7178795290721,0,202.2356266127814,0,214.1426000651989,0
122,207.44841108214,0,199.9363344418031,0,211.9897808667629,0
123,205.1603571601994,0,197.6230035404316,0,209.8166704582699,0
124,202.8547572993832,0,195.2969876529678,0,207.6245007143516,0
125,200.5326804415035,0,192.9597254305003,0,205.4143807401319,0
126,198.1952280891325,0,190.6127045708904,0,203.1870772024324,0
127,195.8435376503135,0,188.2576069206926,0,200.9437358279644,0
128,193.4787860014645,0,185.8962983545462,0,198.6855732258286,0
129,191.1021934121597,0,183.5308253722538,0,196.4138189270811,0
130,188.7150279579667,0,181.1635295674366,0,194.1295462269844,0
131,186.318610512718,0,178.7970228279315,0,191.8340286650567,0
132,183.9143207779358,0,176.4343205457534,0,189.5286477162783,0
133,181.5036096564956,0,174.0789168150791,0,187.214844117455,0
134,179.0880796623032,0,171.7348977798638,0,184.8940408415759,0
135,176.6702298758483,0,169.4075120661474,0,182.568314689861,0
136,174.259019756706,0,167.0400066226754,0,180.2445519831314,0
137,171.8925363786456,0,164.3029462833769,157.3028023692038,177.9591492194324,0
138,169.5337217487659,0,164.3029462833769,419.6247700032745,175.7998310956202,0
139,164.3028893868311,217.5125238166699,164.3029462833769,652.1608009828677,172.4218031542001,0
140,164.3028893868311,311.7632986866232,164.3029462833769,722.8489914713667,172.2476742346862,0
141,164.3028893868311,383.0997159403107,164.3029462833769,781.67287736736,172.070597912267,0
142,164.3028893868311,449.1889946066775,164.3029462833769,834.6931663716415,171.8901496914996,0
143,164.3028893868311,514.5640945363117,164.3029462833769,882.8773009834564,171.7062884500461,0
144,164.3028893868311,578.2325383337991,164.3029462833769,927.6712705896404,171.519074371956,0
145,164.3028893868311,639.8772343807817,164.3029462833769,969.6820543583887,171.3285692849882,0
146,164.3028893868311,701.4228960227425,164.3029462833769,1009.589021531842,171.1347768486341,0
147,164.3028893868311,761.4800123980723,164.3029462833769,1046.794200085298,170.9377862509643,0
148,164.3028893868311,820.4700972610219,164.3029462833769,1083.645818951847,170.7376972153177,0
149,164.3028893868311,879.4535521538002,164.3029462833769,1118.49808173095,170.5345426691053,0
150,164.3028893868311,936.8878050261504,164.3029462833769,1151.805430630383,170.3283862034337,0
151,164.3028893868311,993.1725077023866,164.3029462833769,1184.007292982707,170.1193367467973,0
152,164.3028893868311,1048.129007105703,164.3029462833769,1215.191795077906,169.9074610554788,0
153,164.3028893868311,1101.377993417478,164.3029462833769,1246.052449717345,169.6928069784095,0
154,164.3028893868311,1153.143706859417,164.3029462833769,1275.918712488083,169.4754854678878,0
155,164.3028893868311,1201.780653220648,164.3029462833769,1304.60228186833,169.2555798669615,0
156,164.3028893868311,1246.103076527153,164.3029462833769,1332.461182259062,169.0331393365623,0
157,164.3028893868311,1287.238269558731,164.3029462833769,1359.510409029999,168.8082857680238,0
158,164.3028893868311,1325.785123110082,164.3029462833769,1385.757891950678,168.5810925770421,0
159,164.3028893868311,1362.017164502352,164.3029462833769,1411.204489169927,168.3516352429846,0
160,164.3028893868311,1396.099607537276,164.3029462833769,1435.843877801645,164.3029462833769,267.6486505715899
161,164.3028893868311,1428.138956109556,164.3029462833769,1459.662672482171,164.3029462833769,347.8609911908034
162,164.3028893868311,1458.204396270556,164.3029462833769,1482.640475810043,164.3029462833769,409.7773600240822
163,164.3028893868311,1486.338890421843,164.3029462833769,1504.75001254545,164.3029462833769,460.5666172108071
164,164.3028893868311,1512.563753851577,164.3029462833769,1525.956414189763,164.3029462833769,526.8048462534858
165,164.3028893868311,1536.875923339241,164.3029462833769,1546.214248379255,164.3029462833769,579.277389291073
166,164.3028893868311,1559.235189143555,164.3029462833769,1565.455601414161,164.3029462833769,639.0269949051076
167,164.3028893868311,1579.690472184241,164.3029462833769,1583.762265546053,164.3029462833769,690.9134309818959
168,164.3028893868311,1598.405133630905,164.3029462833769,1600.863189767312,164.3029462833769,744.8009903285905
169,164.3028893868311,1615.243890896115,164.3029462833769,1616.775855452534,164.3029462833769,796.6161007870377
170,164.3028893868311,1630.354139456909,164.3029462833769,1631.457071940859,164.3029462833769,850.6163189084257
171,164.3028893868311,1643.983435718585,164.3029462833769,1644.867554271919,164.3029462833769,902.396605235696
172,164.3028893868311,1656.259958376939,164.3029462833769,1656.970800676248,164.3029462833769,954.171432231769
173,164.3028893868311,1667.159848302047,164.3029462833769,1667.732471336078,164.3029462833769,1003.273506211905
174,164.3028893868311,1676.659749342706,164.3029462833769,1677.121165989073,164.3029462833769,1054.472455056897
175,164.3028893868311,1684.7380717207,164.3029462833769,1685.107490277654,164.3029462833769,1102.804160463189
176,164.3028893868311,1691.375592413549,164.3029462833769,1691.665426541327,164.3029462833769,1152.151091572406
177,164.3028893868311,1696.555862949252,164.3029462833769,1696.771137959033,164.3029462833769,1200.311760378502
178,164.3028893868311,1700.26805216872,164.3029462833769,1700.40459669699,164.3029462833769,1246.481557045547
179,164.3028893868311,1702.547408958097,164.3029462833769,1702.574625077857,164.3029462833769,1290.487198263352
180,164.3028893868311,1704.145693897848,164.3029462833769,1703.879814815529,164.3029462833769,1332.80013802494
