loop:1,season:59345410,P_air:8.612981941711317e-07,P_ice:0,P_rego:0.006999138701805829,T_sub:104.8673874280422
0,230.3115902093365,0,230.0625888729405,0,230.3148078399751,0
1,230.3061825623905,0,230.0372741632415,0,230.321540067369,0
2,230.2899562603654,0,230.032771754482,0,230.3174489398539,0
3,230.2629252400724,0,230.047767069612,0,230.302544717669,0
4,230.2250997468443,0,230.0770232576966,0,230.2768339558246,0
5,230.1764954238689,0,230.1147677867653,0,230.2403286082807,0
6,230.1171393412256,0,230.1616498011271,0,230.1930520584457,0
7,230.0522513700045,0,230.2109977440365,0,230.1350626424473,0
8,229.9790969692522,0,230.2602509722646,0,230.069599078577,0
9,229.8958809185668,0,230.3074415941981,0,229.9992942306559,0
10,229.8026079339531,0,230.3510620902517,0,229.9164895801065,0
11,229.714492723883,0,230.3915238671024,0,229.8242886833846,0
12,229.6552644311897,0,230.4356417798616,0,229.7351078942344,0
13,229.6320164463954,0,230.491481748903,0,229.649977460517,0
14,229.6462754946101,0,230.5649078995023,0,229.5751531688441,0
15,229.6967130875308,0,230.6595821014155,0,229.517540092606,0
16,229.7805643692581,0,230.7773683655641,0,229.4802225737072,0
17,229.8941567783276,0,230.9189373206062,0,229.4643333780546,0
18,230.0333793093193,0,231.0842503326331,0,229.4703280059702,0
19,230.2100043858956,0,231.2727396930941,0,229.4982386165403,0
20,230.4233746167019,0,231.4823789884491,0,229.5465003291227,0
21,230.6606391732307,0,231.7114451568956,0,229.6296262906384,0
22,230.9193570905222,0,231.9582759941983,0,229.7439268037448,0
23,231.1973649089259,0,232.2213096707122,0,229.9078742541385,0
24,231.4929112765933,0,232.4992717038528,0,230.1174836019592,0
25,231.8052219010177,0,232.7917597273112,0,230.3723551456591,0
26,232.1347979044041,0,233.099567918369,0,230.6588905108276,0
27,232.4741833919579,0,233.4154839281991,0,230.9665475750673,0
28,232.8188086682374,0,233.7351482212518,0,231.2883797852848,0
29,233.1657515431685,0,234.055786525579,0,231.6196626118141,0
30,233.5128397043568,0,234.3753754298101,0,231.9568594264485,0
31,233.8583458786542,0,234.6923225439386,0,232.2972006659442,0
32,234.2008680483836,0,235.0052996992628,0,232.6384776576766,0
33,234.5392439150877,0,235.3132663462883,0,232.9789517303526,0
34,234.8724895733755,0,235.6152837732913,0,233.3171268774992,0
35,235.19976841222,0,235.9106211650714,0,233.651812706263,0
36,235.5203616297512,0,236.1985839298873,0,233.9819745898259,0
37,235.833643869276,0,236.4786415024914,0,234.3067572223126,0
38,236.1390646426932,0,236.7502571010668,0,234.6254016759809,0
39,236.4361416763768,0,237.0130167649218,0,234.9372603670909,0
40,236.7244496582125,0,237.2665348655414,0,235.2417599924757,0
41,237.0036043310072,0,237.5104432640649,0,235.5384065946662,0
42,237.2732667369215,0,237.7444742796253,0,235.8267541808633,0
43,237.5331254190193,0,237.9683155207012,0,236.1064002370246,0
44,237.7829051666266,0,238.181735958162,0,236.3769976297602,0
45,238.0223504686221,0,238.384526209055,0,236.6382222071896,0
46,238.2512343990811,0,238.5764431548683,0,236.8897814257548,0
47,238.469344525021,0,238.7573387169691,0,237.1314097784887,0
48,238.6764903632837,0,238.9270439760885,0,237.3628789820934,0
49,238.8724948999552,0,239.0853710192009,0,237.5839498154455,0
50,239.0571979308529,0,239.2322128897848,0,237.794430680795,0
51,239.2304490356995,0,239.3674500686155,0,237.9941497519671,0
52,239.3921140843371,0,239.4909324449481,0,238.1829100513924,0
53,239.542065809594,0,239.6025602245881,0,238.3605852191572,0
54,239.6801901614663,0,239.7022777970873,0,238.5269990727521,0
55,239.8063806575366,0,239.7899616674648,0,238.6820546464913,0
56,239.9205422986697,0,239.8655113381444,0,238.8255941757134,0
57,240.0225849492085,0,239.928911362687,0,238.9575431830996,0
58,240.112429650777,0,239.9800864422849,0,239.0777640540106,0
59,240.1900024546761,0,240.0189449704921,0,239.1861844859874,0
60,240.2552387573987,0,240.0454376747001,0,239.2827177184155,0
61,240.308078482406,0,240.0595811669198,0,239.3672622465499,0
62,240.3484708196665,0,240.0613071639867,0,239.4397846183202,0
63,240.3763683765316,0,240.050547265522,0,239.500185707623,0
64,240.3917317473289,0,240.0272941000696,0,239.548422270738,0
65,240.3945278096184,0,239.9915897950002,0,239.5844616964867,0
66,240.3847270571808,0,239.9433772794801,0,239.6082147577602,0
67,240.362307742648,0,239.8826065954047,0,239.6196823806026,0
68,240.3272513901449,0,239.8092930180596,0,239.6188275994983,0
69,240.2795467546404,0,239.7235209517009,0,239.6055896559553,0
70,240.2191866328211,0,239.6252435360648,0,239.5799772513398,0
71,240.14616765577,0,239.5144161409069,0,239.5419816989722,0
72,240.060492300935,0,239.391056240241,0,239.4915542863936,0
73,239.9621674174005,0,239.2553238535081,0,239.4286950234769,0
74,239.8512032545833,0,239.1071712540909,0,239.3534390908593,0
75,239.727614749795,0,238.9465399888575,0,239.2657516265886,0
76,239.5914179379646,0,238.77342148559,0,239.1656110299809,0
77,239.4426346030278,0,238.5881259489639,0,239.0530822234504,0
78,239.2812851112251,0,238.3905524703566,0,238.9281582133897,0
79,239.1073926615618,0,238.1805563216544,0,238.7908140038762,0
80,238.9209781627929,0,237.9581399913053,0,238.6410557371169,0
81,238.7220596216556,0,237.7239423132112,0,238.4789484138941,0
82,238.5106467936452,0,237.4773773155434,0,238.3044549904158,0
83,238.2867351255029,0,237.2184839845701,0,238.1175209186882,0
84,238.0502968900967,0,236.9474276790867,0,237.9181218333638,0
85,237.8012596614825,0,236.6642825683593,0,237.7062321719103,0
86,237.5394827704933,0,236.3686450858948,0,237.4816555762947,0
87,237.2646911010824,0,236.0602909970542,0,237.2440608090444,0
88,236.9763904584283,0,235.7388271386022,0,236.9929596442313,0
89,236.6736942820329,0,235.4034555031837,0,236.7275333069837,0
90,236.3550969888723,0,235.0525552866855,0,236.446207976855,0
91,236.0181192508388,0,234.6836829704189,0,236.1464326350547,0
92,235.6589052108411,0,234.293095135249,0,235.824331653999,0
93,235.2717331156062,0,233.8752114912534,0,235.4742926028121,0
94,234.8485988897913,0,233.4220484924586,0,235.0881958518474,0
95,234.3786419514254,0,232.9228912558846,0,234.6550572105392,0
96,233.8476502508916,0,232.363393375847,0,234.1606186165948,0
97,233.2374224306405,0,231.7246995376127,0,233.5871328495176,0
98,232.5251461324252,0,230.9812025577169,0,232.9126703577575,0
99,231.6824923947653,0,230.0963767664845,0,232.1113208761204,0
100,230.6748398027111,0,228.8606367603209,0,231.1555447304336,0
101,229.3520642497327,0,227.3655441211627,0,230.0385378030907,0
102,227.8419952816937,0,225.8211680703711,0,228.6588021256787,0
103,226.3016875549106,0,224.2471973176311,0,227.162946610679,0
104,224.7317023503739,0,222.6442407759434,0,225.6372107057364,0
105,223.1326252990148,0,221.0129101067084,0,224.0822577356566,0
106,221.5050605167111,0,219.3537675140151,0,222.4983885633837,0
107,219.8496335965451,0,217.6674775287609,0,220.8862701308133,0
108,218.1669910552808,0,215.9547334779019,0,219.2466239285167,0
109,216.4577932463652,0,214.2161725109702,0,217.580156286327,0
110,214.7227186763162,0,212.4524790458676,0,215.8873862928665,0
111,212.9624576886842,0,210.6643933058278,0,214.1689938916984,0
112,211.1777178710517,0,208.8526286127485,0,212.4257276362542,0
113,209.369217885401,0,207.01788846629,0,210.6583401368152,0
114,207.5376849442135,0,205.1609470821103,0,208.8674589605758,0
115,205.6838664906941,0,203.2825694613508,0,207.0537991575543,0
116,203.8085184029261,0,201.3834928409451,0,205.2181443506531,0
117,201.912411284642,0,199.4645409351152,0,203.3612893292966,0
118,199.9963312111284,0,197.5265024404879,0,201.483941803172,0
119,198.0610789728336,0,195.5701810602838,0,199.5868716354479,0
120,196.1074745066105,0,193.596448211269,0,197.6709187873033,0
121,194.1363565828318,0,191.6061272828607,0,195.7369361275585,0
122,192.1485842733028,0,189.6001140321276,0,193.7857054213497,0
123,190.1450403577434,0,187.5793160735699,0,191.8180943513852,0
124,188.1266261554163,0,185.5446411138371,0,189.8350200779451,0
125,186.0942776306187,0,183.4970699077456,0,187.8374124126506,0
126,184.048953637409,0,181.4375593517809,0,185.8261556793936,0
127,181.9916437235798,0,179.36715584218,0,183.8022452291095,0
128,179.9233781153392,0,177.2868904641602,0,181.7667243550922,0
129,177.8452149596966,0,175.1978790711318,0,179.720593544442,0
130,175.7582581826352,0,173.1012334543964,0,177.6649273463089,0
131,173.6636598344606,0,170.9981675330239,0,175.6008914341908,0
132,171.5626142363642,0,168.8899068334481,0,173.5296484836338,0
133,169.4563758092676,0,166.7777485841869,0,171.452399071258,0
134,167.3462600566197,0,164.6630718456056,0,169.3704655150317,0
135,165.2336474437457,0,162.5473141530729,0,167.2852039073319,0
136,163.120000762854,0,160.4319861277099,0,165.1980144533563,0
137,161.0068632827733,0,158.3187344475073,0,163.1104472563058,0
138,158.895884596249,0,156.2092824451437,0,161.0241055568167,0
139,156.788822801321,0,154.1054894315106,0,158.9406982671802,0
140,154.6875642800765,0,152.0093579227242,0,156.8621075247145,0
141,152.5941526249857,0,149.9230749730275,0,154.7903016007392,0
142,150.5107988077829,0,147.8490024444624,0,152.7274633009344,0
143,148.4399269399125,0,145.7897312030323,0,150.6759709830156,0
144,146.3842029775165,0,143.748114519782,0,148.6384196796135,0
145,144.3465868115729,0,141.7273814169201,0,146.617728856872,0
146,142.3303934672948,0,139.7312048939502,0,144.6171170347198,0
147,140.3393770279422,0,137.7637697364372,0,142.6402895285656,0
148,138.3778412563488,0,135.8299325175582,0,140.6914321470956,0
149,136.4507898329018,0,133.9353682979648,0,138.775471634033,0
150,134.5641534320808,0,132.0869040339412,0,136.898192765035,0
151,132.7251135128643,0,130.2928091374312,0,135.0666618158204,0
152,130.9426651883865,0,128.5634813855742,0,133.289699403504,0
153,129.2286231634017,0,126.9125139297514,0,131.5789216394143,0
154,127.599896362873,0,125.3590290971196,0,129.9510142894412,0
155,126.0872147458426,0,123.9364940660919,0,128.4364179940672,0
156,124.7449477249459,0,122.7025472899576,0,127.0891205431547,0
157,123.5350092522162,0,121.6228859440695,0,125.8706183092186,0
158,122.4369448412759,0,120.6808968177304,0,124.7598862495991,0
159,121.4415678661647,0,119.870193603695,0,123.7470355801955,0
160,120.5432918100192,0,119.1829227575543,0,122.82558987142,0
161,119.7383082312215,0,118.5932190769939,0,121.9906203755349,0
162,119.0237486186534,0,118.084390686762,0,121.2378203706337,0
163,118.3972064693656,0,117.6518878383394,0,120.5629554483028,0
164,117.8565230522751,0,117.2909049137774,0,119.9615644369782,0
165,117.3995303272014,0,116.9960344234086,0,119.428675897751,0
166,117.023770221849,0,116.7609280149809,0,118.9584776568673,0
167,116.7261115532211,0,116.5779564565653,0,118.5439624893424,0
168,116.5021409733722,0,116.4379201413234,0,118.1766902235799,0
169,116.3449872687342,0,116.3299510594425,0,117.8466889131474,0
170,116.2422761152953,0,116.2421215802834,0,117.5431733629713,0
171,116.1651997478322,0,116.1651141839494,0,117.2581859366231,0
172,116.0970146922076,0,116.0969306206355,0,116.991434277161,0
173,116.0373983584384,0,116.0373155916242,0,116.7447832954645,0
174,115.9861385654903,0,115.9860569205385,0,116.5206243431615,0
175,115.9430543970996,0,115.9429736950749,0,116.3219668205857,0
176,115.907996865304,0,115.9079169305301,0,116.1524705212779,0
177,115.8808502144974,0,115.8807708738433,0,116.0164381035255,0
178,115.8615229722251,0,115.8614440545579,0,115.9183821688163,0
179,115.8499501894833,0,115.8498715250861,0,115.8619647116775,0
180,115.8460972935446,0,115.8460187339938,0,115.8460187340208,0
