loop:1,season:59346705,P_air:7.109022119033505e-10,P_ice:0,P_rego:0.0009999992890977881,T_sub:85.01120821740827
0,228.7286583377993,0,229.6962501000425,0,230.1697219890637,0
1,228.7253626186189,0,229.7707397673973,0,230.0882113726435,0
2,228.7159086662765,0,229.8417292180303,0,230.0380486774038,0
3,228.7002889862007,0,229.9009241815273,0,229.9818838768106,0
4,228.6779497585385,0,229.9828322157518,0,229.9153849919746,0
5,228.6487857203776,0,230.0570441274311,0,229.8310484822696,0
6,228.6137142253999,0,230.1089767162072,0,229.755431518385,0
7,228.572084837263,0,230.1799006554591,0,229.6389164245464,0
8,228.5242699598738,0,230.2423222277245,0,229.5335370101542,0
9,228.4695465558145,0,230.2960179667573,0,229.4144517351928,0
10,228.4088053337092,0,230.3415268036152,0,229.2045578067923,0
11,228.3579178045808,0,230.3804186469938,0,228.1845194819045,0
12,228.3460806903263,0,230.4217612850908,0,227.0992233862916,0
13,228.3780869164742,0,230.4727717927466,0,226.2295249371312,0
14,228.4458588875976,0,230.5349100677544,0,225.5104801740102,0
15,228.5436945708482,0,230.6095810042785,0,224.9540251795703,0
16,228.6669427217782,0,230.6973699530453,0,225.5127741497307,0
17,228.8092994832447,0,230.7971139173491,0,226.1771758831689,0
18,228.9651722742169,0,230.907315265674,0,226.9508520658267,0
19,229.1288182665833,0,231.0261307419215,0,227.8399119464339,0
20,229.2940490439122,0,231.1514608731935,0,228.5542560351854,0
21,229.4547833851005,0,231.2815405442307,0,228.6680958450346,0
22,229.6066542986702,0,231.4161085394689,0,228.7324133540254,0
23,229.7445399935555,0,231.5553304744981,0,228.7961965836421,0
24,229.8634397029092,0,231.7009413340778,0,228.8574154054082,0
25,229.9610078402615,0,231.8579713406537,0,228.9171671660037,0
26,230.0338780087589,0,232.0331481452842,0,229.0014923763835,0
27,230.0801901828722,0,232.2309310323703,0,229.0917590871618,0
28,230.0990927253975,0,232.4593434215477,0,229.2034317259395,0
29,230.2628782011917,0,232.7240002912559,0,229.3561363966848,0
30,230.6261701031756,0,232.9938853464015,0,229.4849513453335,0
31,230.9880181755719,0,233.2603575145503,0,229.6095461386076,0
32,231.346945557383,0,233.5220664486739,0,229.7010949687825,0
33,231.70166981002,0,233.7778825833091,0,229.7819796333462,0
34,232.0511392066036,0,234.0269247475006,0,229.85870094953,0
35,232.3944457208164,0,234.268368202828,0,229.922403303509,0
36,232.7307782875075,0,234.501486978979,0,229.9255900346112,0
37,233.059450275587,0,234.7257512798978,0,230.0407762323121,0
38,233.3798321020504,0,234.9406107477866,0,230.1504911989273,0
39,233.6913980200666,0,235.1455914794174,0,230.3137498554536,0
40,233.993641278249,0,235.3402662130357,0,230.4680507149863,0
41,234.2861242827318,0,235.52433395634,0,230.6291097710444,0
42,234.5684785856701,0,235.6974652098082,0,230.813589929754,0
43,234.8403256314899,0,235.8593132651215,0,231.0195327649764,0
44,235.101357188074,0,236.0096516548483,0,231.2416856414173,0
45,235.351262291107,0,236.1482922361318,0,231.4747332259364,0
46,235.5897978502254,0,236.2750099807832,0,231.7141616858254,0
47,235.8166945881632,0,236.3895507393843,0,231.9562665548669,0
48,236.0317433372938,0,236.4917803983241,0,232.1981532888683,0
49,236.2347428454288,0,236.5816337096971,0,232.4375485837085,0
50,236.4254928603972,0,236.6589101458781,0,232.6726538093514,0
51,236.6038328491277,0,236.7234454861025,0,232.9020635759153,0
52,236.7695934159392,0,236.7751212395807,0,233.1246262238442,0
53,236.9226334014245,0,236.8139853699911,0,233.3394725971836,0
54,237.0628167685566,0,236.8398799325112,0,233.5458212212369,0
55,237.1900310493005,0,236.8526528134273,0,233.7430895415098,0
56,237.3041554581503,0,236.8521899909231,0,233.9307376219335,0
57,237.405096860819,0,236.8387207070374,0,234.1083500868326,0
58,237.4927544788617,0,236.8120595042929,0,234.2755347681056,0
59,237.5670524693332,0,236.7719883320057,0,234.4319751461477,0
60,237.6279125871319,0,236.7184383809362,0,234.5773756508202,0
61,237.6752740065492,0,236.6520174451312,0,234.7115019733988,0
62,237.7090739354957,0,236.5720806441319,0,234.8341247559886,0
63,237.7292615487109,0,236.4786543206529,0,234.9450464930532,0
64,237.7357967407637,0,236.3719273210256,0,235.0441028532123,0
65,237.728641762767,0,236.2520335683199,0,235.1311377952247,0
66,237.7077726145658,0,236.1187139674571,0,235.2060149249719,0
67,237.6731602839091,0,235.9720204512492,0,235.2686073190243,0
68,237.6247959467532,0,235.8120720769123,0,235.3188252177248,0
69,237.5626691402923,0,235.6389692573702,0,235.3565547890275,0
70,237.4867783151043,0,235.4526112298455,0,235.3817232968049,0
71,237.3971302593837,0,235.2530451418156,0,235.3942775723757,0
72,237.2937368131679,0,235.0403794096629,0,235.3941292215559,0
73,237.1766553500935,0,234.8147678352281,0,235.3813002177644,0
74,237.0460933667519,0,234.5763821225746,0,235.3559005210198,0
75,236.90215674101,0,234.3253609280252,0,235.3180107909554,0
76,236.7449477829616,0,234.0619130640479,0,235.2676368540432,0
77,236.5746049530871,0,233.7863014500384,0,235.2048995680176,0
78,236.3912989024474,0,233.4987563549293,0,235.1298782327338,0
79,236.1952672118389,0,233.1996808345665,0,235.0427800195418,0
80,235.9867903748306,0,232.889689666743,0,234.9438316651725,0
81,235.766231646931,0,232.5696910497149,0,234.8333238910189,0
82,235.5340368769437,0,232.2409466606031,0,234.7116890016826,0
83,235.2907400035147,0,231.9054385808942,0,234.5793788405809,0
84,235.0369983918761,0,231.5662340308642,0,234.4370167364294,0
85,234.7735964926063,0,231.2287470912298,0,234.2853576966787,0
86,234.5014089460435,0,230.9006039234964,0,234.1251866481758,0
87,234.2214557546506,0,230.5951016317381,0,233.9575159719603,0
88,233.9348668176292,0,230.333756576284,0,233.7834262263507,0
89,233.6429978129891,0,230.1507923114414,0,233.604191089967,0
90,233.3473035925917,0,230.0713791685043,0,233.4212455702515,0
91,233.0494091189359,0,229.9808471610343,0,233.2361680795561,0
92,232.7511199786394,0,229.8808104621014,0,233.0506613353654,0
93,232.4545141299997,0,229.7665404332189,0,232.8667246998556,0
94,232.1616460929569,0,229.5828505434561,0,232.6863327416424,0
95,231.8751963336292,0,229.1558050677073,0,232.5119378805559,0
96,231.5976780063703,0,228.7114892103825,0,232.345707295388,0
97,231.3320534270636,0,228.2823146563284,0,232.1900396646557,0
98,231.0815463322245,0,227.8686944617115,0,232.0469013141972,0
99,230.849867524076,0,227.4680110372128,0,231.9173538128698,0
100,230.6408435402416,0,227.0706053893936,0,231.7996306006508,0
101,230.4587214586576,0,226.6532376073839,0,231.6860330492074,0
102,230.3083039279918,0,226.1662417157346,0,231.5551363646018,0
103,230.1948201675623,0,225.508518383554,0,231.356037340581,0
104,230.1233628918238,0,224.4807732572684,0,230.9754084672976,0
105,229.3380780730633,0,222.8104092593246,0,230.2844125065699,0
106,227.5776435515203,0,220.969211682405,0,229.7705851770115,0
107,225.7883170038995,0,219.101624414494,0,228.4362763161881,0
108,223.9707486365347,0,217.2083331031237,0,226.7518208054121,0
109,222.1255626348793,0,215.2900549236386,0,225.0389413386767,0
110,220.2534067233916,0,213.3474816800798,0,223.2981875594656,0
111,218.3549518790557,0,211.3813834392213,0,221.5301254254341,0
112,216.4308674473656,0,209.3924992106413,0,219.7353707061432,0
113,214.4818463084839,0,207.3816044989229,0,217.9147118867435,0
114,212.5086034739249,0,205.3495193248045,0,216.0687549348286,0
115,210.511875542882,0,203.2970806729411,0,214.1980980349252,0
116,208.492442560551,0,201.2251617780615,0,212.3034157807548,0
117,206.4510359835888,0,199.134645641237,0,210.3856792574471,0
118,204.3884746728584,0,197.0264756750806,0,208.4455683166313,0
119,202.3055726743667,0,194.9016214316731,0,206.4836090280034,0
120,200.2031841556208,0,192.7611114359287,0,204.500532012616,0
121,198.0821587478657,0,190.6060016350802,0,202.4979396596404,0
122,195.9433655904956,0,188.4373802903249,0,200.475852876899,0
123,193.7877770515744,0,186.2564983939143,0,198.4352720003523,0
124,191.6163018682221,0,184.0645768585525,0,196.377297959849,0
125,189.4299138029967,0,181.8629685166901,0,194.3029474404367,0
126,187.2296522019908,0,179.6531783248998,0,192.2129236393936,0
127,185.016563394281,0,177.4368121431432,0,190.1082812711358,0
128,182.7917125490443,0,175.2155842952162,0,187.9901261812018,0
129,180.556250570914,0,172.9913835806304,0,185.8596198100548,0
130,178.3113297119515,0,170.766428407206,0,183.7177192684878,0
131,176.058206786451,0,168.5432585921614,0,181.5656344078744,0
132,173.7981148304905,0,166.3247351967507,0,179.404601246185,0
133,171.5324367979097,0,164.1142810956634,0,177.2359972015646,0
134,169.2625809604189,0,161.9158234842155,0,175.061090140532,0
135,166.9899917881554,0,159.7339052755364,0,172.8812497013569,0
136,164.7162710409742,0,157.573833040107,0,170.698060737256,0
137,162.4430625127443,0,155.4415475961852,0,168.5131441071792,0
138,160.1721695700947,0,153.3433091593747,0,166.3281751063993,0
139,157.9054525904558,0,151.2845263464476,0,164.144930375401,0
140,155.6449660931927,0,149.2659131578486,0,161.9654278192827,0
141,153.3929303017972,0,147.26884679019,0,159.7918407729604,0
142,151.1516972327708,0,145.2834441756463,0,157.6263781343308,0
143,148.9239275404228,0,143.3122155339578,0,155.4716138084641,0
144,146.712491937218,0,141.3578724687285,0,153.3303557443151,0
145,144.52058999963,0,139.4234455092401,0,151.2057107119034,0
146,142.3518328682842,0,137.5123652884051,0,149.1011193541587,0
147,140.2102923735413,0,135.6285098222815,0,147.0205519579676,0
148,138.1006523742444,0,133.7763535895142,0,144.9685846213572,0
149,136.0283364124461,0,131.961092399678,0,142.9504463963435,0
150,133.9998141751136,0,130.1889463781831,0,140.9724213139983,0
151,132.0228989270786,0,128.4674530113383,0,139.0421561769963,0
152,130.1074231597432,0,126.8061371601202,0,137.169242582646,0
153,128.2662829567555,0,125.2175480334388,0,135.366277255946,0
154,126.5179824707682,0,123.7197935990564,0,133.6514792512608,0
155,124.8963037692737,0,122.3461953555577,0,132.0582533218884,0
156,123.4610847208806,0,121.1560414267278,0,130.6459363365937,0
157,122.1692869891737,0,120.1056472759912,0,129.3709657397408,0
158,120.9976947762296,0,119.1710211228655,0,128.2094229134555,0
159,119.9357422534988,0,118.3406550110646,0,127.149875062648,0
160,118.9770011560146,0,117.6069682357727,0,126.1848667775785,0
161,118.1172870403928,0,116.9643580508146,0,125.308855606946,0
162,117.3534410244031,0,116.4079135154453,0,124.5170446232032,0
163,116.6824984188986,0,115.9325039785629,0,123.8044071721695,0
164,116.1018134533311,0,115.532814880765,0,123.1657161608189,0
165,115.6087724608756,0,115.2029746498141,0,122.5952277195831,0
166,115.2005365683096,0,114.9362429737749,0,122.0862845760395,0
167,114.873615022754,0,114.7246323255966,0,121.6310430743396,0
168,114.6232567885615,0,114.5586248948736,0,121.220075518822,0
169,114.4423475585139,0,114.4271504926502,0,120.8424609145749,0
170,114.3182775916057,0,114.3180920749938,0,120.48618403512,0
171,114.2221338617199,0,114.2220227894249,0,120.1419763928045,0
172,114.1370036007628,0,114.1368942266909,0,119.8079200592654,0
173,114.0625084109713,0,114.0624005229658,0,119.4838541611446,0
174,113.9984121841005,0,113.9983055747171,0,119.1697115284814,0
175,113.9445042407745,0,113.9443987067722,0,118.8654473656526,0
176,113.9006228051289,0,113.9005181464942,0,118.5710601679396,0
177,113.8666248152684,0,113.8665208348411,0,118.2866270986844,0
178,113.8424120557035,0,113.8423085582839,0,118.0122447969122,0
179,113.8279143955798,0,113.8278111873668,0,117.7480705853835,0
180,113.8230911132627,0,113.8229880012905,0,117.4943117217756,0
