loop:1,season:59346335,P_air:1.904457468429471e-07,P_ice:0,P_rego:0.006999809554253157,T_sub:100.0611991330603
0,253.1421875100977,0,252.3397910783433,0,252.9168119667366,0
1,253.1332144202268,0,252.3762299065728,0,252.8589119058294,0
2,253.1062990079157,0,252.4000601898606,0,252.7893818661403,0
3,253.0614489108146,0,252.4107363981916,0,252.7090569891718,0
4,252.998678353579,0,252.4078082388861,0,252.618905659427,0
5,252.918006767985,0,252.3908549236345,0,252.5200600268129,0
6,252.8194587707796,0,252.3595686919696,0,252.4137853140143,0
7,252.7030655267383,0,252.3136508794475,0,252.3015464517329,0
8,252.5688620409981,0,252.2528403441728,0,252.1849581978333,0
9,252.4168908838058,0,252.1769370959651,0,252.0657199382771,0
10,252.2471984481108,0,252.0857713022957,0,251.9456223842977,0
11,252.0598376617317,0,251.9791936970456,0,251.8260981163368,0
12,251.8548666167417,0,251.8570736332869,0,251.7078019548096,0
13,251.6323485531347,0,251.7193182956844,0,251.5892642155772,0
14,251.3923528842685,0,251.5658464708507,0,251.4608433428341,0
15,251.1349541528114,0,251.3965867254065,0,251.3149985465243,0
16,250.8602320116878,0,251.2115026439728,0,251.1517754990669,0
17,250.5686267426919,0,251.0105555221097,0,250.9712325716379,0
18,250.2705795164794,0,250.794528964665,0,250.7742179922759,0
19,249.9775354448375,0,250.5662748849372,0,250.5636486563612,0
20,249.6941706075007,0,250.3291848062183,0,250.3429832752761,0
21,249.4228252380652,0,250.0863646341069,0,250.1153952717356,0
22,249.1646202808008,0,249.8404700740493,0,249.8835656656135,0
23,248.9199414941978,0,249.5935879560549,0,249.6496496814241,0
24,248.6887045893002,0,249.3473424419583,0,249.4153111871843,0
25,248.470514901761,0,249.1029348561338,0,249.1817801686735,0
26,248.264774065827,0,248.8611751105084,0,248.9499199771181,0
27,248.0707490775033,0,248.6225927344187,0,248.7202884330595,0
28,247.8876212575301,0,248.3874840297688,0,248.4931942949294,0
29,247.7145216927944,0,248.1558935837323,0,248.2687472045777,0
30,247.5505557721142,0,247.9277884608847,0,248.0468992064288,0
31,247.394820459917,0,247.702928663594,0,247.827479109959,0
32,247.2464194282183,0,247.4810667766864,0,247.6102236309153,0
33,247.104470776742,0,247.2618137394784,0,247.3947995189345,0
34,246.9681149322361,0,247.0447956557271,0,247.1808241036005,0
35,246.8365195367581,0,246.829546142565,0,246.967881104626,0
36,246.7088846762561,0,246.6156502816062,0,246.7555351890526,0
37,246.5844440157304,0,246.4026008467156,0,246.5433410146749,0
38,246.4624695697689,0,246.1899880541436,0,246.3308546698321,0
39,246.3422727764128,0,245.9773061706248,0,246.117640353227,0
40,246.2232077452182,0,245.7641789398812,0,245.90327832408,0
41,246.1046773241264,0,245.5501378670598,0,245.6873749088738,0
42,245.9861491284732,0,245.3348865018193,0,245.4695818298597,0
43,245.8671848033853,0,245.1180854656907,0,245.249628231726,0
44,245.747498555011,0,244.8996292824616,0,245.0273815280858,0
45,245.6272262170107,0,244.6797750307454,0,244.8031183867016,0
46,245.5071108407653,0,244.4593536213877,0,244.5777119792595,0
47,245.3845106863963,0,244.2359035778549,0,244.3491494973815,0
48,245.2577975569331,0,244.0078061461629,0,244.1266901608746,0
49,245.1259321131335,0,243.7742254208297,0,243.9171825524886,0
50,244.9881210698462,0,243.5343724849491,0,243.7209962448069,0
51,244.8437207829835,0,243.287725220132,0,243.5365165849713,0
52,244.6921932030581,0,243.0338604371907,0,243.3615895031899,0
53,244.5330799876224,0,242.7722849212818,0,243.1940519275877,0
54,244.3659882556335,0,242.5028538763835,0,243.0317403943182,0
55,244.1905753797264,0,242.2251103322051,0,242.872693959586,0
56,244.006544504586,0,241.9389655342785,0,242.7151859022144,0
57,243.8136356256762,0,241.6442005783635,0,242.5576783361716,0
58,243.6116227685156,0,241.3404821181038,0,242.3988337943134,0
59,243.4003073324757,0,241.0280557395137,0,242.2375027730174,0
60,243.1795174014628,0,240.7061740001453,0,242.0726810982426,0
61,242.9491040895367,0,240.3756444037004,0,241.9035070575575,0
62,242.7089377167493,0,240.0354937558903,0,241.729236100016,0
63,242.4589084632324,0,239.6863009381491,0,241.5492236652073,0
64,242.1989220764007,0,239.3276412758658,0,241.362927980735,0
65,241.9289005164452,0,238.9596587616151,0,241.1698464652164,0
66,241.6487776172559,0,238.5823620947234,0,240.9695950414488,0
67,241.3585009808377,0,238.1956084044205,0,240.7618048322175,0
68,241.0580266796983,0,237.7995877298768,0,240.54614808226,0
69,240.7473216884941,0,237.3941423376965,0,240.3223605726444,0
70,240.4263589017803,0,236.9794084350649,0,240.0902094568813,0
71,240.0951171102859,0,236.5553888684541,0,239.8494809974918,0
72,239.7535807461893,0,236.1221026930884,0,239.5999797905671,0
73,239.4017351339469,0,235.6797167433157,0,239.3415432963458,0
74,239.0395729590118,0,235.2282565000558,0,239.0740210951283,0
75,238.6670988481655,0,234.7680225508723,0,238.797278716164,0
76,238.2843241366457,0,234.2992889527474,0,238.5112176425388,0
77,237.8911840566985,0,233.8224415923008,0,238.2156474092641,0
78,237.4871351122964,0,233.337658324638,0,237.9099294331741,0
79,237.0700958693981,0,232.843768423491,0,237.5918811284045,0
80,236.6350357889678,0,232.3367500813094,0,237.2563508088687,0
81,236.1732943796677,0,231.8110792691791,0,236.894508438513,0
82,235.6727038309454,0,231.2542248121073,0,236.4939476079846,0
83,235.1177242449207,0,230.6562813146062,0,236.0386242869789,0
84,234.48929209058,0,229.9885336585375,0,235.5086357382155,0
85,233.7644342850965,0,228.9924295381352,0,234.8798408274638,0
86,232.9156874432673,0,227.7498576918769,0,234.1239609394084,0
87,231.9105667029523,0,226.3011091057521,0,233.2105522932538,0
88,230.7110605885524,0,224.6155710786614,0,232.1133484686934,0
89,229.0800276329499,0,222.7145462581423,0,230.8583670642187,0
90,227.2193228883292,0,220.7726298349065,0,229.5791167526081,0
91,225.3392532526097,0,218.8137177294584,0,227.8532493260722,0
92,223.440384033872,0,216.8384764732077,0,226.0798823477977,0
93,221.5233011408656,0,214.8475172034589,0,224.2878360925515,0
94,219.5886111126563,0,212.8415414184532,0,222.4776753764024,0
95,217.6369389932606,0,210.8212281872026,0,220.6499254028239,0
96,215.6689287160733,0,208.7872873816694,0,218.8052022238691,0
97,213.6852420821686,0,206.7404803963479,0,216.9440562638916,0
98,211.6865564150385,0,204.6815221054443,0,215.0671500789239,0
99,209.673564478837,0,202.6112182551491,0,213.1750585320006,0
100,207.6469700403601,0,200.5303445789745,0,211.2684795798844,0
101,205.6074880689267,0,198.4397085306954,0,209.3480061220598,0
102,203.5558390838136,0,196.3401282127568,0,207.4143613822838,0
103,201.492744147733,0,194.2324286500542,0,205.4681509070506,0
104,199.4189218818142,0,192.117446126991,0,203.5100709046465,0
105,197.3350812314381,0,189.9960041990313,0,201.5407641625341,0
106,195.2419180481442,0,187.8689436666252,0,199.5608342596074,0
107,193.1401228521529,0,185.7370994321304,0,197.5709838755274,0
108,191.0303949284805,0,183.6013373038383,0,195.5717597198742,0
109,188.913472821567,0,181.4625700803547,0,193.5639485430039,0
110,186.7899143456501,0,179.3215609166131,0,191.54796660516,0
111,184.6609862038546,0,177.1797958884864,0,189.5250546463316,0
112,182.528457225109,0,175.0392915181967,0,187.4969627241472,0
113,180.394129458845,0,172.9021205189846,0,185.465318483746,0
114,178.2597139519237,0,170.7702260929133,0,183.4319516308472,0
115,176.1268467540176,0,168.6455932356533,0,181.3982585104086,0
116,173.9971286359774,0,166.5301981789615,0,179.3659093708578,0
117,171.8721576586024,0,164.4261080677362,0,177.3364427138694,0
118,169.753543325418,0,162.3354254889528,0,175.3111984212761,0
119,167.6429587930044,0,160.260411368219,0,173.2922377362446,0
120,165.5422179707485,0,158.2035329501635,0,171.2805539670399,0
121,163.4531981051639,0,156.1674072336702,0,169.2790616191023,0
122,161.3778039392233,0,154.1547829752869,0,167.2885009390836,0
123,159.318045799291,0,152.1686207500882,0,165.3115751760375,0
124,157.2760777890464,0,150.2121300296333,0,163.3499217526603,0
125,155.2542210218539,0,148.2888371480535,0,161.406001433803,0
126,153.2549961949684,0,146.4025316893481,0,159.4822626417068,0
127,151.2811691464577,0,144.5574001613803,0,157.58126754959,0
128,149.3358186303939,0,142.7579921157276,0,155.7061970982241,0
129,147.4223961768457,0,141.0091760185067,0,153.8602435452412,0
130,145.5448579885171,0,139.3162898903174,0,152.0473921628281,0
131,143.7078233407223,0,137.6847445827368,0,150.2721306149533,0
132,141.9168771506332,0,136.1199409396829,0,148.5399127156182,0
133,140.1791076123407,0,134.6264837463453,0,146.8578045570688,0
134,138.504349664376,0,133.2035706306272,0,145.2354202970199,0
135,136.9101147013391,0,131.860709879745,0,143.6902393401584,0
136,135.4267310699072,0,130.6280159562598,0,142.2523800578034,0
137,134.0297631100643,0,129.4808295740985,0,140.8972896518208,0
138,132.7059010177391,0,128.4056002364649,0,139.6115047580088,0
139,131.4487997706788,0,127.3957226221799,0,138.3884599711283,0
140,130.2544173900336,0,126.4468724842328,0,137.223965476552,0
141,129.1198945566038,0,125.5558832054937,0,136.1148756525229,0
142,128.0430995517477,0,124.7202871568133,0,135.058869398975,0
143,127.0223682637264,0,123.9380515632851,0,134.0539417030738,0
144,126.0563753980236,0,123.2074449534891,0,133.0985051925945,0
145,125.1440478695887,0,122.5269451009124,0,132.1910798723723,0
146,124.2844842985373,0,121.8951523100388,0,131.330401884423,0
147,123.4769138228308,0,121.3107411982819,0,130.5152063994357,0
148,122.720678974343,0,120.7724356782336,0,129.7443498470811,0
149,122.0151890819242,0,120.2789535996411,0,129.01661550831,0
150,121.3598954627687,0,119.8289723707326,0,128.3308217596638,0
151,120.7542776264361,0,119.421104951336,0,127.6856529389651,0
152,120.1978162963349,0,119.0538623688479,0,127.0797699105122,0
153,119.6899743500923,0,118.72562449217,0,126.5116282157899,0
154,119.2301613435614,0,118.4345958304545,0,125.9795795935697,0
155,118.8177068596322,0,118.1787734614374,0,125.4817292337202,0
156,118.4518217798437,0,117.9559093144606,0,125.0159509003514,0
157,118.1315572150319,0,117.7634818116433,0,124.5798803086751,0
158,117.8557132820964,0,117.5986380826349,0,124.1707616387608,0
159,117.6227742603771,0,117.4581992654077,0,123.7855903092594,0
160,117.430734855532,0,117.3386234767792,0,123.4209595024987,0
161,117.2768719695036,0,117.2360418010848,0,123.0731576901235,0
162,117.1573186862994,0,117.1463695181912,0,122.7382644486282,0
163,117.0660379849445,0,117.065574095239,0,122.412419740941,0
164,116.9906380268595,0,116.9905256461658,0,122.092681710829,0
165,116.9205013216121,0,116.9203904935041,0,121.7784035066644,0
166,116.8552084516544,0,116.8550990689024,0,121.4697345941037,0
167,116.7947018827239,0,116.7945938393806,0,121.1668378013686,0
168,116.7389064641128,0,116.7387996558838,0,120.86988240508,0
169,116.6877718466643,0,116.6876661703768,0,120.579072171902,0
170,116.6412435930912,0,116.6411389467739,0,120.2946398604348,0
171,116.5992820193305,0,116.5991783018959,0,120.0168490728981,0
172,116.5618379494219,0,116.561735060864,0,119.7459843477602,0
173,116.5288861486556,0,116.5287839895362,0,119.4823792928531,0
174,116.5003866327631,0,116.50028510452,0,119.2263164830753,0
175,116.4763182330945,0,116.4762172376414,0,118.9782164040315,0
176,116.45665434019,0,116.4565537800251,0,118.7385230115485,0
177,116.4413772810778,0,116.4412770590917,0,118.5077853205929,0
178,116.4304782493941,0,116.4303782686757,0,118.2865878288714,0
179,116.4239426989916,0,116.4238428629475,0,118.0756067311436,0
180,116.4217646024234,0,116.4216648170648,0,117.8755952133835,0
