loop:1,season:59345965,P_air:4.98917933709193,P_ice:0,P_rego:0.01082066290806924,T_sub:214.2795348235036
0,593.2161038904921,0,589.1223048193867,0,589.6624534721565,0
1,590.4052364466553,0,586.992595315908,0,587.691054761865,0
2,589.4073102038202,0,586.1699041366142,0,587.026909051885,0
3,588.7115216521472,0,585.5501875465375,0,586.5664346296596,0
4,588.0956908134347,0,584.9695612685061,0,586.1462394046489,0
5,587.4829273633611,0,584.3706245586917,0,585.7094282623065,0
6,586.8368196697586,0,583.7258459350754,0,585.2290021307429,0
7,586.136970963666,0,583.0196889179192,0,584.6899157299671,0
8,585.3707242066514,0,582.2424090425353,0,584.0829104755182,0
9,584.5296919175582,0,581.3874464470352,0,583.4020606334675,0
10,583.6080757168754,0,580.4503450124787,0,582.6433607257516,0
11,582.6017628796632,0,579.4278740538696,0,581.8042403621379,0
12,581.5078001852859,0,578.3177840971414,0,580.8829022969245,0
13,580.3240674852431,0,577.1184370022345,0,579.8783895765123,0
14,579.0490645980946,0,575.8287353911412,0,578.790011310577,0
15,577.6817664148025,0,574.4479682040411,0,577.6176572565274,0
16,576.2215213953116,0,572.975699069765,0,576.3612130896383,0
17,574.667979519042,0,571.4117645455975,0,575.0208658315314,0
18,573.0210424227793,0,569.756195889462,0,573.5966765498697,0
19,571.2808338051292,0,568.0091903591543,0,572.0885414380175,0
20,569.4476946537837,0,566.1711089546859,0,570.4959144459539,0
21,567.5222190000837,0,564.2424453064785,0,568.8167034262545,0
22,565.5053685485432,0,562.2238024912263,0,567.0457801311261,0
23,563.3987522540643,0,560.115988639618,0,565.1824796880845,0
24,561.2052521782371,0,557.9200559128132,0,563.2278197353659,0
25,558.9303080814744,0,555.6374860713812,0,561.1832634491659,0
26,556.5787324584002,0,553.2703464202189,0,559.0508430882512,0
27,554.153692560662,0,550.8209546913117,0,556.8328344413262,0
28,551.6578103331732,0,548.291720824192,0,554.5316140824555,0
29,549.0934059084901,0,545.6850780083352,0,552.1495919740793,0
30,546.4626002536927,0,543.0035015529774,0,549.6891753606089,0
31,543.7673787325648,0,540.2493948487158,0,547.1527487220987,0
32,541.0096327204312,0,537.4251497137091,0,544.5426630909673,0
33,538.1911877888405,0,534.5331518557913,0,541.8612311928096,0
34,535.3138237849577,0,531.5756767769407,0,539.1107262886762,0
35,532.3792897326686,0,528.5550306312373,0,536.2933833802508,0
36,529.3893152330505,0,525.4734673677126,0,533.4114019109531,0
37,526.3456194165502,0,522.3331581226175,0,530.4669493902543,0
38,523.2499181419364,0,519.1363550952551,0,527.4621655585571,0
39,520.1039299158888,0,515.8851554413878,0,524.3991668364681,0
40,516.9093808656386,0,512.5817369028405,0,521.2800508883565,0
41,513.6680090040885,0,509.2282637739648,0,518.1069011893815,0
42,510.3815679639365,0,505.8267588284822,0,514.8817915267634,0
43,507.0518303338038,0,502.3794978016062,0,511.6067903950605,0
44,503.680590698458,0,498.8884421281076,0,508.2839652659829,0
45,500.2696684629218,0,495.3556241992356,0,504.9153867276657,0
46,496.8209105236338,0,491.7836650404545,0,501.5031324985466,0
47,493.3361938371353,0,488.17420872959,0,498.0492913277629,0
48,489.8174279265908,0,484.5294956758417,0,494.5559667984256,0
49,486.2665573579679,0,480.8518527850002,0,491.0252810524757,0
50,482.685564210129,0,477.1433155986327,0,487.4593784565635,0
51,479.0764705559325,0,473.4062035809622,0,483.8604292276447,0
52,475.4413409643078,0,469.6427342490383,0,480.2306330347379,0
53,471.7822850258406,0,465.8551577899669,0,476.5722225897885,0
54,468.1014598964347,0,462.0458606408167,0,472.887467235587,0
55,464.4010728449758,0,458.2171383452414,0,469.1786765321706,0
56,460.6833837815154,0,454.3714362965367,0,465.4482038352301,0
57,456.950707732277,0,450.5111993115993,0,461.6984498504349,0
58,453.2054172168811,0,446.6389036587631,0,457.9318661365497,0
59,449.4499444716777,0,442.7571496515927,0,454.1509585175612,0
60,445.6867834512398,0,438.8685235370244,0,450.3582903501135,0
61,441.9184915282176,0,434.975704158205,0,446.5564855774484,0
62,438.1476908002746,0,431.0814540900221,0,442.748231485118,0
63,434.3770689022441,0,427.1885556248541,0,438.9362810576709,0
64,430.6093792124942,0,423.2998946769919,0,435.1234548193262,0
65,426.8474403353961,0,419.4184296203378,0,431.3126420269382,0
66,423.0941347374226,0,415.5471603662435,0,427.5068010702247,0
67,419.3524064133455,0,411.6891768326333,0,423.7089589239206,0
68,415.6252574619845,0,407.8476472689421,0,419.922209489883,0
69,411.9157434583992,0,404.0257728809043,0,416.1497106653489,0
70,408.226967521862,0,400.2268442784757,0,412.3980945605723,0
71,404.5620729966301,0,396.4542097842575,0,408.6760731438711,0
72,400.9242346855393,0,392.711248945247,0,404.9886626910977,0
73,397.3166486046887,0,389.0013885868862,0,401.3399953632293,0
74,393.7425202605448,0,385.3280790452727,0,397.7336043998474,0
75,390.205051488049,0,381.6948036237121,0,394.1726620210882,0
76,386.707425928841,0,378.1050269681534,0,390.6602780055132,0
77,383.252793271361,0,374.5622065603526,0,387.1992567647606,0
78,379.8442524179641,0,371.069759329317,0,383.7925150222604,0
79,376.4848337867074,0,367.6310684704706,0,380.442655439094,0
80,373.1774809954916,0,364.2494054470727,0,377.1524060289499,0
81,369.9250322119748,0,360.9279992497102,0,373.9242049439013,0
82,366.7302014825199,0,357.669892688437,0,370.7605517114986,0
83,363.595560375732,0,354.4780748098854,0,367.6636753182124,0
84,360.5235202896022,0,351.3552782827433,0,364.6357643189438,0
85,357.5163157748237,0,348.304110753352,0,361.6787704501584,0
86,354.5759892197796,0,345.3269230892821,0,358.7944889556787,0
87,351.7043772247555,0,342.4258834182995,0,355.9845208912826,0
88,348.9030989643123,0,339.6029236094687,0,353.2502153114977,0
89,346.1735467980645,0,336.8597425034605,0,350.5927156714619,0
90,343.5168793424662,0,334.1978173653474,0,348.0128996722833,0
91,340.9340171611673,0,331.6183152526031,0,345.5114128027088,0
92,338.4256411708212,0,329.1221874962554,0,343.0886208836238,0
93,335.9921937951327,0,326.7101044424744,0,340.7446616056529,0
94,333.6338828346463,0,324.3825067690416,0,338.4794142020904,0
95,331.3506879556682,0,322.1395810065669,0,336.2924917129051,0
96,329.1423696410664,0,319.9812979666792,0,334.1832660954377,0
97,327.0084803906261,0,317.907436470152,0,332.1509599640019,0
98,324.9483779110132,0,315.917534224565,0,330.194561596444,0
99,322.9612399967236,0,314.0110262264375,0,328.3128097884209,0
100,321.0460807747756,0,312.1871072445908,0,326.5043880904661,0
101,319.2017679679669,0,310.4449478062144,0,324.7677476715525,0
102,317.4270408244701,0,308.7834533718495,0,323.1012842323398,0
103,315.7205283651061,0,307.2016033108476,0,321.5032399736742,0
104,314.0807676130998,0,305.6980628761593,0,319.971819245291,0
105,312.5062214934599,0,304.2716316676462,0,318.5051679973874,0
106,310.9952961189698,0,302.9207589038232,0,317.1013621687802,0
107,309.5463572155522,0,301.6439256595224,0,315.7584827515267,0
108,308.1577454798174,0,300.4392775238026,0,314.4745975363805,0
109,306.8277907041639,0,299.3046324335492,0,313.247779180651,0
110,305.5548245482148,0,298.2372384336961,0,312.0761380939225,0
111,304.3371918780459,0,297.232692613579,0,310.9578141302564,0
112,303.1732606352529,0,296.2834571500291,0,309.8909594632008,0
113,302.0614302351884,0,295.3863363877344,0,308.8738118110498,0
114,301.0001385268109,0,294.5396180137142,0,307.9046554639586,0
115,299.9878673748831,0,293.7416431987953,0,306.9818139786026,0
116,299.0231469483059,0,292.990809201537,0,306.1036851940781,0
117,298.1045588161056,0,292.2855707097472,0,305.2687330189109,0
118,297.2307379650672,0,291.6244400842572,0,304.4754722099343,0
119,296.4003738605144,0,291.0059866680451,0,303.7224661301698,0
120,295.6122106747243,0,290.4288353170755,0,303.0083802648185,0
121,294.8650468064577,0,289.8916642989768,0,302.3318861362005,0
122,294.1577338107203,0,289.393202692583,0,301.6917297406072,0
123,293.489174850804,0,288.9322274063404,0,301.0867388952689,0
124,292.858322775471,0,288.5075599178446,0,300.5157170468184,0
125,292.2641779135532,0,288.1180628203663,0,299.9775794767535,0
126,291.7057856667204,0,287.7626362465093,0,299.4712641724916,0
127,291.1822339692201,0,287.4402142239543,0,298.9956939561131,0
128,290.6926506714838,0,287.1497610042336,0,298.5499325286117,0
129,290.2362008928498,0,286.8902673928578,0,298.1329402481327,0
130,289.8120843775625,0,286.6607470978718,0,297.7438015479792,0
131,289.4195328778194,0,286.4602331042648,0,297.381622713285,0
132,289.0578075779429,0,286.2877740734609,0,297.045395708392,0
133,288.726196564834,0,286.1424307605207,0,296.7343846826098,0
134,288.4240123415291,0,286.0232724362875,0,296.4475508618054,0
135,288.150589372839,0,285.9293732980162,0,296.1839300772794,0
136,287.9052816444204,0,285.8598088492624,0,295.9431428095521,0
137,287.6874602089224,0,285.8136522287977,0,295.7238210345486,0
138,287.4965106846533,0,285.7899704683913,0,295.5251739560333,0
139,287.3318306629591,0,285.7878206612383,0,295.3464706127709,0
140,287.1928269695757,0,285.8062460264583,0,295.1866544141395,0
141,287.0789127115253,0,285.8442718613275,0,295.0449107509205,0
142,286.9895040235359,0,285.9009013822156,0,294.9202733613157,0
143,286.9240164044143,0,285.9751114688048,0,294.8117510976904,0
144,286.8818605016583,0,286.0658483459441,0,294.7184235959987,0
145,286.8624371575722,0,286.1720232655497,0,294.6392062229285,0
146,286.8651314656558,0,286.292508291397,0,294.5730830198295,0
147,286.8893054912654,0,286.4261323478917,0,294.5189487650256,0
148,286.934289167128,0,286.5716777786774,0,294.4756340505391,0
149,286.999368650938,0,286.7278777863704,0,294.4419918963131,0
150,287.0837710726324,0,286.8934153135635,0,294.416755244207,0
151,287.186643971077,0,287.0669242184024,0,294.3986417342236,0
152,287.3070264677946,0,287.2469940688691,0,294.3863468697785,0
153,287.4438068246308,0,287.4321806634019,0,294.3784881581007,0
154,287.5956578368643,0,287.6210258018152,0,294.3737069349899,0
155,287.7609328900619,0,287.8120929896086,0,294.3706717034629,0
156,287.9374208806271,0,288.0040342942473,0,294.3681136567458,0
157,288.1212443657774,0,288.1957324031288,0,294.3650177417028,0
158,288.3078752565538,0,288.3866253430861,0,294.3609373492596,0
159,288.4953170856117,0,288.5765819695166,0,294.3558273475164,0
160,288.682817265222,0,288.7657039837279,0,294.3499068994703,0
161,288.8702375933945,0,288.9542412600729,0,294.3435490333218,0
162,289.0577705288861,0,289.1425611018831,0,294.3372310581113,0
163,289.2458199041745,0,289.3311443777278,0,294.3315562199998,0
164,289.4349600449602,0,289.5205970690803,0,294.3272528363572,0
165,289.6259350606637,0,289.7116732793417,0,294.3252200315363,0
166,289.8196828359546,0,289.9053097954813,0,294.3265258377991,0
167,290.0173796138768,0,290.1026751386141,0,294.3324847176445,0
168,290.2205079119681,0,290.3052390056613,0,294.344712269814,0
169,290.430956531049,0,290.5148722215545,0,294.365252123064,0
170,290.6511693339518,0,290.7339943605311,0,294.3966668807695,0
171,290.8843727530868,0,290.9657989679522,0,294.4423547909429,0
172,291.1349371234713,0,291.214611007213,0,294.5067861505179,0
173,291.4089785568067,0,291.4864821251276,0,294.5962536898502,0
174,291.7154230274496,0,291.7902429689278,0,294.719744536483,0
175,292.0680363416314,0,292.1395106282909,0,294.8911003317133,0
176,292.4897067511708,0,292.5569236208123,0,295.133140327379,0
177,293.0228393697125,0,293.0844205132765,0,295.4880319646615,0
178,293.7605234315838,0,293.8140594913901,0,296.0480724270917,0
179,294.9815333886414,0,295.0215117621212,0,297.0891979437195,0
180,298.6348356430829,0,298.6339753916841,0,300.5389185818804,0
