loop:1,season:59345780,P_air:4.989179294989851,P_ice:0,P_rego:0.0108207050101484,T_sub:214.2795347109636
0,593.2163819496272,0,589.1209411815101,0,589.6646865063474,0
1,590.4056378944194,0,586.9913476888422,0,587.6933583726792,0
2,589.407752605068,0,586.1686910886432,0,587.0292008124201,0
3,588.7119883567123,0,585.5489936220142,0,586.5686982019434,0
4,588.0961745675445,0,584.968380416993,0,586.1484679749262,0
5,587.4834240521104,0,584.3694538497289,0,585.71161825871,0
6,586.8373266133212,0,583.7246838459323,0,585.2311515165205,0
7,586.1374862629867,0,583.0185346903103,0,584.6920233525134,0
8,585.3712464383085,0,582.2412623705836,0,584.0849757535896,0
9,584.5302199720586,0,581.386307302948,0,583.404083411808,0
10,583.6086087046996,0,580.4492135740794,0,582.6453411673954,0
11,582.6023000726844,0,579.426750629396,0,581.8061789140213,0
12,581.508340978094,0,578.3166691001572,0,580.8847996247972,0
13,580.324611368303,0,577.1173309153936,0,579.8802465732342,0
14,579.0496111381593,0,575.8276387557329,0,578.7918290327575,0
15,577.6823152396641,0,574.4468816064726,0,577.6194369488255,0
16,576.2220721805893,0,572.9746231252325,0,576.3629561147237,0
17,574.6685319744299,0,571.4106998947512,0,575.0225736724559,0
18,573.0215962736527,0,569.7551431891666,0,573.598350738999,0
19,571.2813887615121,0,568.0081502731763,0,572.0901834839041,0
20,569.448250349784,0,566.1700821448294,0,570.4975257074314,0
21,567.5227748671267,0,564.2414324110903,0,568.8182847663726,0
22,565.5059235436537,0,562.2228040780067,0,567.0473312616334,0
23,563.3993042852252,0,560.1150051251993,0,565.183999912924,0
24,561.2057968987153,0,557.9190873740741,0,563.2293080404095,0
25,558.930837475586,0,555.6365318549673,0,561.1847181149589,0
26,556.5792429239725,0,553.2694053715647,0,559.0522619159833,0
27,554.1541812355792,0,550.8200255072022,0,556.8342151041824,0
28,551.6582749775198,0,548.2908021711914,0,554.5329542458193,0
29,549.0938447266335,0,545.6841685828255,0,552.1508893576392,0
30,546.4630117673948,0,543.0026001258567,0,549.6904277744807,0
31,543.7677617076095,0,540.2485002762789,0,547.1539540873028,0
32,541.0099861188608,0,537.4242609525053,0,544.5438194501355,0
33,538.1915107345283,0,534.5322679733272,0,541.8623367147303,0
34,535.3141155378268,0,531.5747969385351,0,539.1117792688957,0
35,532.3795496689058,0,528.5541541113707,0,536.2943822391454,0
36,529.3895428295725,0,525.4725935432434,0,533.4123451902096,0
37,526.3458142385718,0,522.3322864584244,0,530.4678357483897,0
38,523.2500798328691,0,519.135485160253,0,527.462993765908,0
39,520.104058189023,0,515.8842868777791,0,524.3999357699399,0
40,516.9094754972197,0,512.580869440032,0,521.2807595261313,0
41,513.6680698274953,0,509.2273972235095,0,518.1075486057156,0
42,510.3815948647451,0,505.8258930535594,0,514.8823768869599,0
43,507.0518232455701,0,502.3786327621999,0,511.6073129506709,0
44,503.6805495990885,0,498.8875778158928,0,508.2844243502672,0
45,500.2695933715331,0,495.3547606464728,0,504.9157817513275,0
46,496.8208014978212,0,491.7828024285382,0,501.503462945745,0
47,493.3360509705857,0,488.17334719427,0,498.0495567524006,0
48,489.8172513469933,0,484.5286354163315,0,494.5561668207044,0
49,486.2663472251814,0,480.8509940740061,0,491.025415355711,0
50,482.6853207145775,0,477.142458718835,0,487.4594467842465,0
51,479.0761939172066,0,473.4053488723305,0,483.8604313807438,0
52,475.4410314299564,0,469.6418820810429,0,480.2305688692298,0
53,471.7819428703424,0,465.8543085593702,0,476.5720920144133,0
54,468.1010854203455,0,462.0450147890361,0,472.8872702098236,0
55,464.4006663742493,0,458.2162963313062,0,469.1784130644304,0
56,460.6829456670022,0,454.3705986161538,0,465.4478739812726,0
57,456.9502383494065,0,450.5103664866665,0,461.6980537120095,0
58,453.2049169655347,0,446.6380762326448,0,457.9314038602725,0
59,449.4494137762625,0,442.7563282019008,0,454.150430294037,0
60,445.6862227609748,0,438.8677086613177,0,450.3576964133171,0
61,441.91790131764,0,434.9748964800139,0,446.5558262043796,0
62,438.1470715699763,0,431.0806542629214,0,442.7475069957447,0
63,434.3764211798433,0,427.1877643240089,0,438.9354918151757,0
64,430.6087035538445,0,423.2991126069016,0,435.1226012306683,0
65,426.8467373260298,0,419.4176575166546,0,431.3117245437394,0
66,423.0934049942184,0,415.5463989918658,0,427.5058201899834,0
67,419.3516505864035,0,411.6884269836148,0,423.7079151915489,0
68,415.6244762366845,0,407.8469097787809,0,419.9211034995553,0
69,411.914937557606,0,404.0250486169172,0,416.1485430626374,0
70,408.2261377082355,0,400.2261341501959,0,412.3968667053745,0
71,404.5612200749856,0,396.453514747062,0,408.6747875049566,0
72,400.9233595051963,0,392.7105700004882,0,404.9873221250123,0
73,397.3157520617377,0,389.0007267870312,0,401.3386029389853,0
74,393.7416032999537,0,385.3274354966199,0,397.7321632809506,0
75,390.2041151055277,0,381.6941794933792,0,394.1711753960212,0
76,386.706471172378,0,378.1044234837715,0,390.6587490786629,0
77,383.2518212423479,0,374.561625014907,0,387.1976887032685,0
78,379.8432642718251,0,371.0692010826486,0,383.7909109867842,0
79,376.4838307329586,0,367.6305349553792,0,380.4410185353638,0
80,373.1764642971631,0,364.2488981637262,0,377.1507393477146,0
81,369.9240031843428,0,360.927519776909,0,373.9225115240052,0
82,366.7291614911098,0,357.6694426705405,0,370.7588345743566,0
83,363.5945108335733,0,354.477655972756,0,367.6619374414739,0
84,360.5224626537337,0,351.3548856874998,0,364.6340086579442,0
85,357.5152515420716,0,348.3036843595351,0,361.676999924465,0
86,354.5749199218487,0,345.3264648332546,0,358.7927064540104,0
87,351.7033044226988,0,342.4253953160051,0,355.9827292716578,0
88,348.9020242424605,0,339.6024077509601,0,353.2484173923525,0
89,346.172471757516,0,336.8592010497894,0,350.590914233482,0
90,343.5158055942526,0,334.1972525489526,0,348.0110974498816,0
91,340.9329463192197,0,331.6177293613497,0,345.5096124827898,0
92,338.4245748448698,0,329.1215828760467,0,343.0868250954628,0
93,335.9911335836736,0,326.709483487026,0,340.7428729205328,0
94,333.6328303181084,0,324.3818719188661,0,338.4776351263562,0
95,331.3496446899057,0,322.1389347420234,0,336.2907246783228,0
96,329.1413371512904,0,319.9806428067995,0,334.1815134527545,0
97,327.0074601658781,0,317.906774973985,0,332.1492239921832,0
98,324.9473713992601,0,315.9168689805778,0,330.1928444930283,0
99,322.9602486006407,0,314.0103598659365,0,328.311113654193,0
100,321.0451058482576,0,312.1864424255347,0,326.5027149487008,0
101,319.2008108133884,0,310.4442872356146,0,324.7660994497989,0
102,317.426102690696,0,308.7827997782664,0,323.0996627751128,0
103,315.7196104462311,0,307.2009594790838,0,321.5016470328076,0
104,314.0798710478784,0,305.697431603518,0,319.9702564892917,0
105,312.5053473653749,0,304.2710158036305,0,318.5036370135041,0
106,310.9944454568713,0,302.9201612928685,0,317.0998644596294,0
107,309.5455309947918,0,301.6433491546318,0,315.7570197432032,0
108,308.1569446237963,0,300.4387249262797,0,314.4731705801965,0
109,306.8270160862083,0,299.3041064316323,0,313.24638955576,0
110,305.5540769936949,0,298.2367414919689,0,312.0747870139434,0
111,304.336472166655,0,297.2322266511546,0,310.9565027461958,0
112,303.1725695033699,0,296.2830229298409,0,309.8896888612384,0
113,302.060768378252,0,295.3859343506916,0,308.8725830229384,0
114,300.9995066016445,0,294.539248558538,0,307.9034694685995,0
115,299.9872660019159,0,293.7413066842209,0,306.9806717011787,0
116,299.0225767136465,0,292.9905059482256,0,306.1025875111698,0
117,298.1040202734352,0,292.2853010018845,0,305.2676807614535,0
118,297.2302316373251,0,291.6242041708259,0,304.4744661628616,0
119,296.3999002413598,0,291.0057847637676,0,303.7215070314306,0
120,295.6117702297667,0,290.4286676030296,0,303.0074688147065,0
121,294.8646399742497,0,289.8915309228948,0,302.3310229881905,0
122,294.1573610035178,0,289.3931037688446,0,301.6909155056307,0
123,293.488836455098,0,288.9321630156761,0,301.0859741477019,0
124,292.8580191523012,0,288.5075301067638,0,300.5150023102864,0
125,292.2639093986122,0,288.1180676003254,0,299.9769152366968,0
126,291.7055525702609,0,287.7626755928337,0,299.4706508719386,0
127,291.1820365757737,0,287.440288074525,0,298.9951319846014,0
128,290.6924892394017,0,287.1498692579481,0,298.5494222417846,0
129,290.236075653671,0,286.8904099078709,0,298.1324819405845,0
130,289.8119955352134,0,286.6609236896192,0,297.7433954705891,0
131,289.4194806076458,0,286.4604435432691,0,297.3812690712637,0
132,289.0577920255694,0,286.2880180829187,0,297.0450946334678,0
133,288.726217844843,0,286.1427080136641,0,296.7341362804554,0
134,288.4240705359443,0,286.0235825535132,0,296.4473551486772,0
135,288.1506845293943,0,285.9297158437751,0,296.1837869901469,0
136,287.9054137745842,0,285.8601833287001,0,295.9430523153502,0
137,287.6876292856432,0,285.8140580841392,0,295.7237829355675,0
138,287.4967166397769,0,285.7904070750643,0,295.525187998662,0
139,287.3320733842591,0,285.7882873237352,0,295.346536496638,0
140,287.1931062973191,0,285.8067419739436,0,295.1867717271978,0
141,287.0792284344763,0,285.8447962430088,0,295.0450790148873,0
142,286.9898558742718,0,285.9014532625116,0,294.9204920015719,0
143,286.9244040537907,0,285.9756898223683,0,294.812019438386,0
144,286.8822835522101,0,286.0664520526298,0,294.7187408744504,0
145,286.8628951355656,0,286.1726511054626,0,294.6395715594695,0
146,286.8656238114049,0,286.2931589402264,0,294.5734954338266,0
147,286.8898315471754,0,286.4268043728264,0,294.5194071616959,0
148,286.934848162699,0,286.5723696353408,0,294.4761372143086,0
149,286.999959683588,0,286.7285878174141,0,294.4425385030901,0
150,287.0843930826062,0,286.8941417498672,0,294.4173438489161,0
151,287.1872957078008,0,287.0676651843054,0,294.3992707824195,0
152,287.3077064430001,0,287.247747593664,0,294.3870147132767,0
153,287.4445132399903,0,287.4329447027162,0,294.379193067662,0
154,287.5963884582474,0,287.6217982747725,0,294.3744471446627,0
155,287.7616848709243,0,287.8128718421295,0,294.3714454748109,0
156,287.9381906456456,0,288.0048176206324,0,294.3689193953016,0
157,288.1220239391041,0,288.1965187990035,0,294.36585435427,0
158,288.3086603462446,0,288.3874141332225,0,294.3618044741572,0
159,288.4961056716633,0,288.5773728227351,0,294.3567249636965,0
160,288.6836083965379,0,288.7664967277784,0,294.3508351473835,0
161,288.8710308162327,0,288.9550357966151,0,294.3445081309042,0
162,289.0585656187824,0,289.1433573680184,0,294.3382212596857,0
163,289.2466167435106,0,289.3319423288569,0,294.3325778014447,0
164,289.4357585676138,0,289.5213966715584,0,294.3283060876792,0
165,289.626735227333,0,289.7124745077159,0,294.3263052584265,0
166,289.8204846236289,0,289.9061126319754,0,294.3276433583901,0
167,290.0181830119882,0,290.1034795738513,0,294.3336348660203,0
168,290.2213129219077,0,290.3060450402546,0,294.3458953975418,0
169,290.4317631676659,0,290.5156798685265,0,294.3664686067748,0
170,290.6519776286245,0,290.7348036487614,0,294.397917119808,0
171,290.8851827585357,0,290.9666099470967,0,294.443639224186,0
172,291.1357489210171,0,291.2154237549101,0,294.5081052520714,0
173,291.4097922675434,0,291.4872967579888,0,294.5976079985435,0
174,291.7162388302531,0,291.7910596602014,0,294.7211279308778,0
175,292.0688545041623,0,292.1403296382429,0,294.8924516282805,0
176,292.4905276882519,0,292.5577453539151,0,295.1344604217268,0
177,293.023663768102,0,293.0852456404263,0,295.4893220630975,0
178,293.7613525737386,0,293.8148892670179,0,296.0493343656913,0
179,294.9823703380932,0,295.0223491851598,0,297.0904353543278,0
180,298.6356959017567,0,298.6348356431062,0,300.5401473387382,0
