loop:1,season:59346335,P_air:0.0511086981397337,P_ice:0.01617692898933382,P_rego:0.03271437287093248,T_sub:164.5896431287648
0,262.2771139213093,0,261.403617302272,0,261.9751399006728,0
1,262.2794928901763,0,261.4530826864122,0,261.9314773371564,0
2,262.2599246078303,0,261.4843985580349,0,261.8707245166945,0
3,262.223082669677,0,261.5035997941859,0,261.8003877485975,0
4,262.1702575654934,0,261.5115455908581,0,261.7228191306326,0
5,262.1018068819564,0,261.5081085370886,0,261.6395194619508,0
6,262.0177248650922,0,261.4929103458838,0,261.5517463105017,0
7,261.9178546769588,0,261.4654347681752,0,261.4607859405336,0
8,261.8019835697503,0,261.4251400896343,0,261.3679920384409,0
9,261.6699462662763,0,261.3715960686684,0,261.2748219902896,0
10,261.5214872842387,0,261.3043057477736,0,261.1826999475204,0
11,261.3563945592444,0,261.2228300617821,0,261.0926531529392,0
12,261.174578555946,0,261.1269028637037,0,261.0050560975273,0
13,260.9758182388191,0,261.0161075073545,0,260.9179370954179,0
14,260.7599582897599,0,260.8901429356176,0,260.8213135145132,0
15,260.5268281693471,0,260.7486692432167,0,260.7073948689415,0
16,260.2762971851986,0,260.5914465170846,0,260.5761154677815,0
17,260.0085895847253,0,260.4181135696647,0,260.4271206258397,0
18,259.7340202067646,0,260.2292208035406,0,260.2610372653705,0
19,259.4639198168521,0,260.0275007992951,0,260.0806670382564,0
20,259.2031051560659,0,259.8163485196885,0,259.8894804092217,0
21,258.9542030404651,0,259.5989774181584,0,259.6907639925269,0
22,258.7191128892175,0,259.3786369449832,0,259.4877994136089,0
23,258.5002232305141,0,259.1592438499379,0,259.2845744371963,0
24,258.3012624531509,0,258.9465798025008,0,259.0869137335707,0
25,258.1226317388334,0,258.7439499147966,0,258.8981499800856,0
26,257.951712331834,0,258.5371250842256,0,258.7041233179967,0
27,257.78942792304,0,258.3297228049233,0,258.5084703905563,0
28,257.6389832499887,0,258.1264225441621,0,258.3158869899668,0
29,257.5015368381174,0,257.9292390701852,0,258.1284537007724,0
30,257.3769893001448,0,257.738875263565,0,257.9468607404967,0
31,257.2650895965982,0,257.5557627258398,0,257.7716100276326,0
32,257.1658171885301,0,257.3804927252461,0,257.6032819766557,0
33,257.0801565943848,0,257.214522003107,0,257.4433890109575,0
34,257.0103948371845,0,257.060987445569,0,257.2950558710627,0
35,256.9561659329385,0,256.9208229917019,0,257.1592620261914,0
36,256.9079007086007,0,256.7825384645067,0,257.0245164477484,0
37,256.8673850705326,0,256.6491672995056,0,256.8939071939091,0
38,256.8400197178693,0,256.5270167016031,0,256.7737007552208,0
39,256.8279339867468,0,256.4190043380154,0,256.6668857386455,0
40,256.8256227502338,0,256.3181792660753,0,256.5664772319012,0
41,256.8346748716385,0,256.2277058206914,0,256.4757063193921,0
42,256.8528790651437,0,256.1443482006179,0,256.391297206016,0
43,256.8839758126921,0,256.0730962957427,0,256.3182960054211,0
44,256.9289648687783,0,256.0140840984887,0,256.2568199119227,0
45,256.9937332045614,0,255.9747948398108,0,256.2143636834244,0
46,257.0760258865241,0,255.9530773793446,0,256.1888242051164,0
47,257.1646574961143,0,255.9373749344775,0,256.1690939782319,0
48,257.2459498460228,0,255.9130013397693,0,256.1513408358085,0
49,257.3133517911096,0,255.8743350549098,0,256.1377587842173,0
50,257.3614837072878,0,255.8159502756901,0,256.1242848367284,0
51,257.3859089048686,0,255.7336170870273,0,256.1057613192286,0
52,257.3826388530881,0,255.6232298627772,0,256.076463744445,0
53,257.3503093553175,0,255.4834190645753,0,256.033425948608,0
54,257.2900412741731,0,255.3156674151695,0,255.9761398760962,0
55,257.2043755322468,0,255.1223778102287,0,255.9055038635871,0
56,257.0972194037652,0,254.9079073501064,0,255.8242244670291,0
57,256.9709191713172,0,254.6753131476605,0,255.7339996221248,0
58,256.8195627201105,0,254.4187646451918,0,255.6279650229949,0
59,256.6279204158174,0,254.1221173862729,0,255.4885219788467,0
60,256.385552338527,0,253.7732819072862,0,255.3033032482385,0
61,256.0973922384172,0,253.378976595521,0,255.0772729781967,0
62,255.7762198803087,0,252.9519963274996,0,254.8234497730015,0
63,255.4330432085856,0,252.5043014564716,0,254.552504057835,0
64,255.0741306280461,0,252.0416926711363,0,254.2700944634789,0
65,254.7021989612458,0,251.5669612974749,0,253.9783213950898,0
66,254.3181861498348,0,251.0810243569908,0,253.6776825045181,0
67,253.9223432389463,0,250.584011197231,0,253.3680478513533,0
68,253.5147096581513,0,250.0761825632937,0,253.0491370617069,0
69,253.0952776062654,0,249.5574047216588,0,252.7206842379549,0
70,252.664039308918,0,249.027831526601,0,252.3824576193514,0
71,252.220998294695,0,248.4874810656199,0,252.0342507768369,0
72,251.7661713056394,0,247.9363839718658,0,251.6758847975971,0
73,251.2995881162918,0,247.3747034675098,0,251.3072287462545,0
74,250.8212909782164,0,246.802423822389,0,250.9281692905552,0
75,250.3313339932547,0,246.2197391893232,0,250.5386104848648,0
76,249.8297824571584,0,245.626693617472,0,250.1384983180473,0
77,249.3167123406985,0,245.0234393033319,0,249.7277741418374,0
78,248.7922099113785,0,244.4101192662368,0,249.3064230434031,0
79,248.2563714013584,0,243.7868359283304,0,248.8744394738689,0
80,247.7093026418658,0,243.1537943636433,0,248.4318260573725,0
81,247.1511186260772,0,242.5110893787403,0,247.9785940906205,0
82,246.5819430775919,0,241.8589410843184,0,247.514805965379,0
83,246.0019079997374,0,241.1974479551168,0,247.0404892316365,0
84,245.4111517050961,0,240.526807928412,0,246.5557079996884,0
85,244.8098029369759,0,239.8470783248656,0,246.0605324357512,0
86,244.197867450352,0,239.1582588213863,0,245.5549245678171,0
87,243.5745803972388,0,238.4595821633133,0,245.0382687670131,0
88,242.935680737233,0,237.7471207739862,0,244.5069045517592,0
89,242.2662960254089,0,237.0058994094285,0,243.9465505302443,0
90,241.5354626483987,0,236.2006469905624,0,243.3243634714161,0
91,240.7138187327184,0,235.2966847631449,0,242.610748978647,0
92,239.7775431080827,0,234.2611339823134,0,241.7828471091697,0
93,238.7039910557166,0,233.0533745336979,0,240.8196420569823,0
94,237.4694725358603,0,231.6168874439246,0,239.7013769365117,0
95,236.0486462778999,0,229.8698113118929,0,238.4113336809675,0
96,234.414324287939,0,227.8469719113915,0,236.9392986922444,0
97,232.5373768164209,0,225.636083014248,0,235.2872070001576,0
98,230.3847013357125,0,223.2919600192,0,233.4778696555007,0
99,228.0569722972498,0,220.9052677140883,0,231.5429457876801,0
100,225.7103188573355,0,218.5037898979851,0,229.4045496077687,0
101,223.347701539764,0,216.0895616814891,0,227.1619513757888,0
102,220.9706539467174,0,213.6641880046346,0,224.9039072632526,0
103,218.5805740274438,0,211.2291685240118,0,222.6316946327258,0
104,216.178800614473,0,208.7859602577891,0,220.3466260469075,0
105,213.7666437673547,0,206.3359904346251,0,218.0499437505111,0
106,211.345397594282,0,203.8807018748177,0,215.7428481913761,0
107,208.9163487652447,0,201.4215290249607,0,213.4266361101839,0
108,206.4807855872935,0,198.9599303584923,0,211.1024423788594,0
109,204.0400072431154,0,196.4973833899904,0,208.771611873083,0
110,201.5953323458797,0,194.0354173625018,0,206.4353211086685,0
111,199.1481065726856,0,191.5756026215698,0,204.0948878165138,0
112,196.699709673329,0,189.1195726892933,0,201.7516716969276,0
113,194.2515622500781,0,186.6690258974834,0,199.406918236417,0
114,191.8051326378057,0,184.225670410412,0,197.0622116959584,0
115,189.3619440058208,0,181.7913860219249,0,194.7188358966571,0
116,186.9235843597817,0,179.3681431049056,0,192.378443062627,0
117,184.4917485822704,0,176.9580957049549,0,190.0426508063649,0
118,182.068545573729,0,174.5637302804334,0,187.7131710650581,0
119,179.6575822516409,0,172.1893867779626,0,185.3941352046108,0
120,177.2446448743544,0,167.8282470732124,0,183.0888394450731,0
121,174.3369058572582,0,164.5896917056472,189.0484656752006,180.5934168322508,0
122,164.5896431287648,120.3631875254665,164.5896917056472,556.6712733160659,174.1814672629177,0
123,164.5896431287648,216.6498551362367,164.5896917056472,612.8019651664408,174.0135137049598,0
124,164.5896431287648,276.9255078305074,164.5896917056472,658.7572460312678,173.8429236902978,0
125,164.5896431287648,332.7480615271363,164.5896917056472,698.6820652016838,173.6692313048033,0
126,164.5896431287648,385.9355393114365,164.5896917056472,734.5105884098286,173.4922770034579,0
127,164.5896431287648,437.2250817049273,164.5896917056472,767.3332869976858,173.3119047774178,0
128,164.5896431287648,486.6787082335338,164.5896917056472,798.9742562821269,173.1283113248491,0
129,164.5896431287648,537.2783444095529,164.5896917056472,832.8196534302225,172.9413831825805,0
130,164.5896431287648,587.1231213640432,164.5896917056472,863.4203401294695,172.7512891432942,0
131,164.5896431287648,635.0195490918104,164.5896917056472,891.2318711521331,172.5580242128417,0
132,164.5896431287648,681.3798602038812,164.5896917056472,917.2531558256221,172.3616118491979,0
133,164.5896431287648,726.3849208060925,164.5896917056472,941.9311608029194,172.1621995873933,0
134,164.5896431287648,769.7799972704105,164.5896917056472,965.7643163487145,171.9597508771095,0
135,164.5896431287648,811.0610516816031,164.5896917056472,988.6699638761348,171.7544300709849,0
136,164.5896431287648,849.4495268483032,164.5896917056472,1010.89602473128,171.5462417949156,0
137,164.5896431287648,885.6530033604246,164.5896917056472,1032.307393615323,171.3352930141469,0
138,164.5896431287648,920.0844040720661,164.5896917056472,1053.295002196319,169.1358743142048,0
139,164.5896431287648,952.9373241497365,164.5896917056472,1073.687604746103,164.5896917056472,36.84946959521042
140,164.5896431287648,984.4327807188249,164.5896917056472,1093.442790062271,164.5896917056472,64.82234680869288
141,164.5896431287648,1014.597321367009,164.5896917056472,1112.792111692459,164.5896917056472,100.3737952089583
142,164.5896431287648,1043.609699985131,164.5896917056472,1131.593006428212,164.5896917056472,176.8535226802498
143,164.5896431287648,1071.427147675931,164.5896917056472,1150.016340451242,164.5896917056472,240.5015860175533
144,164.5896431287648,1098.270944817679,164.5896917056472,1167.978052712089,164.5896917056472,287.6503270667527
145,164.5896431287648,1123.95757315798,164.5896917056472,1185.489442588861,164.5896917056472,337.0560059998538
146,164.5896431287648,1148.729036264424,164.5896917056472,1202.704734107971,164.5896917056472,382.5628112750119
147,164.5896431287648,1172.55188646848,164.5896917056472,1219.484898002314,164.5896917056472,432.0705789719843
148,164.5896431287648,1195.339204577484,164.5896917056472,1235.852730830859,164.5896917056472,478.0108275485137
149,164.5896431287648,1217.315276073089,164.5896917056472,1251.947849009259,164.5896917056472,522.1319800403131
150,164.5896431287648,1238.399632839216,164.5896917056472,1267.636463910399,164.5896917056472,570.1040269300671
151,164.5896431287648,1258.537019414866,164.5896917056472,1282.932072697411,164.5896917056472,614.2558518438451
152,164.5896431287648,1277.845135500087,164.5896917056472,1297.922732594025,164.5896917056472,661.1277372782732
153,164.5896431287648,1296.378917966297,164.5896917056472,1312.549205386339,164.5896917056472,705.452266676624
154,164.5896431287648,1314.02281404573,164.5896917056472,1326.787538013224,164.5896917056472,749.3368876669672
155,164.5896431287648,1330.798272226765,164.5896917056472,1340.630588378238,164.5896917056472,795.3342024766393
156,164.5896431287648,1346.78337712857,164.5896917056472,1354.14289610799,164.5896917056472,839.1419696242898
157,164.5896431287648,1362.044136365968,164.5896917056472,1367.285307118199,164.5896917056472,880.3440200587278
158,164.5896431287648,1376.462034150356,164.5896917056472,1380.018265031727,164.5896917056472,926.8651911868358
159,164.5896431287648,1390.07953293093,164.5896917056472,1392.33246463445,164.5896917056472,969.3234272788995
160,164.5896431287648,1402.897450903312,164.5896917056472,1404.215195477606,164.5896917056472,1009.274636172289
161,164.5896431287648,1414.97985506393,164.5896917056472,1415.7045457523,164.5896917056472,1051.396854082736
162,164.5896431287648,1426.427564022207,164.5896917056472,1426.779220122419,164.5896917056472,1091.155449116104
163,164.5896431287648,1437.158225073326,164.5896917056472,1437.386416086422,164.5896917056472,1128.461423402395
164,164.5896431287648,1447.302897558757,164.5896917056472,1447.510895749441,164.5896917056472,1165.305035996367
165,164.5896431287648,1456.943576847333,164.5896917056472,1457.136397173194,164.5896917056472,1198.778864265995
166,164.5896431287648,1466.066421533601,164.5896917056472,1466.245550926999,164.5896917056472,1231.920254334995
167,164.5896431287648,1474.650732417568,164.5896917056472,1474.82013260116,164.5896917056472,1260.968153030186
168,164.5896431287648,1482.671479617125,164.5896917056472,1482.850105311677,164.5896917056472,1288.142431069844
169,164.5896431287648,1490.199896632327,164.5896917056472,1490.356823117274,164.5896917056472,1314.368593608753
170,164.5896431287648,1497.129689978619,164.5896917056472,1497.271634049294,164.5896917056472,1337.855547358417
171,164.5896431287648,1503.440528101896,164.5896917056472,1503.573520048104,164.5896917056472,1359.761235460038
172,164.5896431287648,1509.12064022601,164.5896917056472,1509.24536901236,164.5896917056472,1380.115873718808
173,164.5896431287648,1514.156361465868,164.5896917056472,1514.27342719752,164.5896917056472,1399.715043527229
174,164.5896431287648,1518.537674564,164.5896917056472,1518.647663379656,164.5896917056472,1417.525156148934
175,164.5896431287648,1522.257036935694,164.5896917056472,1522.360464803989,164.5896917056472,1433.837591599746
176,164.5896431287648,1525.308403462428,164.5896917056472,1525.405656684178,164.5896917056472,1448.192144923143
177,164.5896431287648,1527.686991966387,164.5896917056472,1527.778163748173,164.5896917056472,1461.497642087097
178,164.5896431287648,1529.391900237315,164.5896917056472,1529.475837467737,164.5896917056472,1473.025308630848
179,164.5896431287648,1530.45628903839,164.5896917056472,1530.525032250062,164.5896917056472,1483.176802460899
180,164.5896431287648,1531.335743048634,164.5896917056472,1531.3307244695,164.5896917056472,1492.038324721953
