loop:1,season:59345410,P_air:0.05110726422618713,P_ice:0.01617627368626319,P_rego:0.03271646208754968,T_sub:164.5894002431605
0,262.2827057944658,0,261.9384187722346,0,262.1857092681304,0
1,262.2850902828761,0,261.8866919216151,0,262.2217495819426,0
2,262.2655227903339,0,261.8111459858404,0,262.2338683946473,0
3,262.2286807011278,0,261.7184278048987,0,262.2286864544648,0
4,262.1758550332824,0,261.6099153275317,0,262.2075543872155,0
5,262.1074034745026,0,261.4859715109318,0,262.1708083807693,0
6,262.0233202538543,0,261.3465975869611,0,262.1184582394745,0
7,261.9234484710743,0,261.1921526297175,0,262.050277386528,0
8,261.8075752946728,0,261.0331859550138,0,261.9660449312326,0
9,261.6755353971935,0,260.8774919545253,0,261.8656014357489,0
10,261.5270731943224,0,260.7260853666695,0,261.7486701993519,0
11,261.3619765354482,0,260.5778594026606,0,261.6150192083367,0
12,261.1801558639787,0,260.4311779853831,0,261.4645829262049,0
13,260.9813900439351,0,260.2840944107397,0,261.2971064834323,0
14,260.765523698313,0,260.1346547272344,0,261.1124355100086,0
15,260.5323862116364,0,259.9810020407588,0,260.9103828405632,0
16,260.2818468048703,0,259.8215134978592,0,260.6908215961467,0
17,260.0141165571598,0,259.6546136473892,0,260.453533001061,0
18,259.7394507414776,0,259.4797433468153,0,260.1991534308747,0
19,259.469220199403,0,259.2986855853351,0,259.9305019914814,0
20,259.2082569124791,0,259.1140218821901,0,259.6510829485201,0
21,258.9591950826993,0,258.928266341757,0,259.3642012357635,0
22,258.723938741435,0,258.7440322879991,0,259.0731676190195,0
23,258.5048799227615,0,258.5647306526194,0,258.7819993060889,0
24,258.3057506415952,0,258.3956923425425,0,258.4965472324284,0
25,258.1269546173498,0,258.2397874941575,0,258.2201801614312,0
26,257.9558682362404,0,258.0824920553779,0,257.9387478185555,0
27,257.7934173887172,0,257.927107756553,0,257.6564299483561,0
28,257.6428089948694,0,257.7780161516112,0,257.3887085093982,0
29,257.5052025729297,0,257.6370448504573,0,257.1456147448523,0
30,257.3804992010437,0,257.5046618763079,0,256.929133788871,0
31,257.2684482304911,0,257.3811521097381,0,256.7388945956693,0
32,257.1690294825648,0,257.2669032247239,0,256.57390812272,0
33,257.0832281305987,0,257.1632677012352,0,256.4339963962763,0
34,257.0133325652794,0,257.073220115792,0,256.3204894331122,0
35,256.9589775314639,0,256.9975985850745,0,256.2326979350425,0
36,256.9105894461046,0,256.9247803471105,0,256.157628040374,0
37,256.8699556235189,0,256.8577237715348,0,256.0970082040636,0
38,256.8424792155864,0,256.8026072555746,0,256.055919920494,0
39,256.8302907766479,0,256.7623234535176,0,256.0363139832166,0
40,256.8278824264461,0,256.7297792495422,0,256.0302826873738,0
41,256.8368445693442,0,256.7081140693225,0,256.0402659709951,0
42,256.854964568203,0,256.6939901617578,0,256.0622870837328,0
43,256.8859849084137,0,256.6923643161988,0,256.1007896374955,0
44,256.9309051434153,0,256.7032792001803,0,256.1553677653316,0
45,256.9956152564156,0,256.7341776923341,0,256.23303177719,0
46,257.0778597890956,0,256.7828730640215,0,256.331295826301,0
47,257.1664494151203,0,256.8376906295051,0,256.4381706448311,0
48,257.2477009843585,0,256.8840045636854,0,256.5387358059085,0
49,257.3150618769608,0,256.9160010978454,0,256.6269862662945,0
50,257.3631508853321,0,256.9283345221561,0,256.697338442041,0
51,257.3875300463026,0,256.9166504210892,0,256.7452971590286,0
52,257.3842094691252,0,256.8768029936962,0,256.7665065763129,0
53,257.351824597592,0,256.8074586377606,0,256.7595295989906,0
54,257.2914967796733,0,256.709914986351,0,256.7255021053222,0
55,257.2057677779893,0,256.5866877089791,0,256.6668424518364,0
56,257.0985463655055,0,256.4419989019427,0,256.5876365550425,0
57,256.9721801494363,0,256.2788424403941,0,256.4908093047598,0
58,256.8207553086481,0,256.0915782900047,0,256.3705902696437,0
59,256.6290363488369,0,255.8635680579101,0,256.2103136200031,0
60,256.3865792546688,0,255.583398869352,0,255.9984256927413,0
61,256.0983199456281,0,255.2567573931551,0,255.7405892473778,0
62,255.7770429709709,0,254.8974121365036,0,255.4504664703312,0
63,255.4337599637832,0,254.5165783006306,0,255.1392422303972,0
64,255.0747412002423,0,254.1204603127261,0,254.8130261538113,0
65,254.7027042183404,0,253.7116300445949,0,254.4743505804176,0
66,254.3185871745581,0,253.2909224856871,0,254.1240116009903,0
67,253.9226411630046,0,252.858639809396,0,253.7621959394423,0
68,253.5149056193571,0,252.4147352716365,0,253.38891874559,0
69,253.0953727410318,0,251.9593227880536,0,253.0041044810334,0
70,252.6640347528752,0,251.4923275207467,0,252.6077591521139,0
71,252.2208951846872,0,251.0138057052426,0,252.1998166260897,0
72,251.7659707817688,0,250.5238268828628,0,251.7803076104848,0
73,251.2992913238095,0,250.0223258642476,0,251.3492042700686,0
74,250.8208990692561,0,249.5095359437837,0,250.9065545450345,0
75,250.330848128407,0,248.9853453818315,0,250.4523593978272,0
76,249.8292038068603,0,248.449972318661,0,249.9867007202531,0
77,249.3160420864953,0,247.9034913074394,0,249.5095885684728,0
78,248.7914492471053,0,247.3458252301801,0,249.0211382841294,0
79,248.2555215342532,0,246.7774837549239,0,248.5213716216853,0
80,247.708364793599,0,246.1979279268736,0,248.010431805957,0
81,247.1500940336625,0,245.6082280818746,0,247.4883539084259,0
82,246.5808329941899,0,245.0075831526505,0,246.9553065981623,0
83,246.0007136954632,0,244.3968005974681,0,246.4113476659182,0
84,245.4098744682555,0,243.7756368214272,0,245.8566359689401,0
85,244.8084440772738,0,243.1444217888194,0,245.2912811656578,0
86,244.1964283028242,0,242.5032385413137,0,244.7152841209679,0
87,243.5730622520388,0,241.8514058848281,0,244.1281445905951,0
88,242.9340841126761,0,241.1854888357099,0,243.5261396034134,0
89,242.2646172337144,0,240.4910984589469,0,242.895173314134,0
90,241.5336868854046,0,239.7352877939404,0,242.2023096821499,0
91,240.7119217052913,0,238.8878413191196,0,241.4180666197574,0
92,239.7754934376872,0,237.9241024481402,0,240.5195239051553,0
93,238.7017504660021,0,236.8190550669285,0,239.4851271093227,0
94,237.4669953930045,0,235.543720404357,0,238.2936669747097,0
95,236.0458790418194,0,234.0629869161666,0,236.9241704856712,0
96,234.4112049282391,0,232.3325040342727,0,235.3580753559169,0
97,232.5338343667913,0,230.2927678712157,0,233.5814324737854,0
98,230.3806431426736,0,227.98515086458,0,231.5886524398871,0
99,228.0528457353804,0,225.6302101889848,0,229.3752410649903,0
100,225.7061510795754,0,223.2582949979108,0,227.0669010970844,0
101,223.3434951341156,0,220.8713018950876,0,224.7428249947702,0
102,220.9664114762106,0,218.4708155956244,0,222.4033878445717,0
103,218.5762981151539,0,216.0581893837752,0,220.0507281439011,0
104,216.17449394035,0,213.6348332249231,0,217.6857123916384,0
105,213.7623090654121,0,211.2020270266822,0,215.3098419829625,0
106,211.3410376498416,0,208.7611260234406,0,212.9243896946693,0
107,208.9119664125384,0,206.3134015165036,0,210.5304962054203,0
108,206.4763837079038,0,203.8601957536862,0,208.1296092835954,0
109,204.0355887653042,0,201.402793564887,0,205.7228328314307,0
110,201.5909002446888,0,198.9425723057016,0,203.3115812628279,0
111,199.1436638706822,0,196.4808654055612,0,200.8971408949467,0
112,196.6952594419252,0,194.019116272787,0,198.4808392112474,0
113,194.2471076114089,0,191.5587333397631,0,196.0641590549461,0
114,191.8006767671847,0,189.1012417661469,0,193.6484423008199,0
115,189.3574901345814,0,186.6481803300001,0,191.2352832793486,0
116,186.9191357765929,0,184.2011624221704,0,188.8261766608198,0
117,184.4873086191187,0,181.761924617431,0,186.4228070017691,0
118,182.0641175776318,0,179.332448712868,0,184.0271444882212,0
119,179.6531713865646,0,176.9165499851334,0,181.6428690988536,0
120,177.2402926210109,0,174.5183985197067,0,179.2741481116343,0
121,174.3330485467669,0,166.5284842528846,0,176.7162286939909,0
122,164.5894002431605,120.383485405726,164.5894488204397,353.8265757171296,170.2460083456872,0
123,164.5894002431605,216.6542595109146,164.5894488204397,423.0999133703626,170.0181910370949,0
124,164.5894002431605,276.9276588330749,164.5894488204397,482.7218104703975,169.7893658810801,0
125,164.5894002431605,332.7479403744458,164.5894488204397,536.2797562330596,164.5894488204397,87.31078078319916
126,164.5894002431605,385.933128187269,164.5894488204397,584.8359792185473,164.5894488204397,145.0499766379045
127,164.5894002431605,437.2203637873566,164.5894488204397,629.5731544099467,164.5894488204397,196.3693340289211
128,164.5894002431605,486.6716677241038,164.5894488204397,672.5641989114685,164.5894488204397,246.1254632090024
129,164.5894002431605,537.2689665645253,164.5894488204397,717.2794872728574,164.5894488204397,288.8979901448675
130,164.5894002431605,587.1113925280121,164.5894488204397,758.3270342441858,164.5894488204397,324.7259241723381
131,164.5894002431605,635.0054567340264,164.5894488204397,796.1762439716529,164.5894488204397,375.1284132422917
132,164.5894002431605,681.3633929576813,164.5894488204397,831.8189045329037,164.5894488204397,424.3941113781186
133,164.5894002431605,726.3660685119006,164.5894488204397,865.6665635565797,164.5894488204397,470.4688894335623
134,164.5894002431605,769.7587510228494,164.5894488204397,898.1207332819855,164.5894488204397,517.1391449672153
135,164.5894002431605,811.0374038813533,164.5894488204397,929.0379563977945,164.5894488204397,563.0626213959606
136,164.5894002431605,849.4234712594573,164.5894488204397,958.6872876551038,164.5894488204397,609.464394041681
137,164.5894002431605,885.6245351742247,164.5894488204397,986.9557244924707,164.5894488204397,655.348314595755
138,164.5894002431605,920.053519978078,164.5894488204397,1014.244415281537,164.5894488204397,700.8819786650409
139,164.5894002431605,952.904022415722,164.5894488204397,1040.400805340934,164.5894488204397,745.675797573056
140,164.5894002431605,984.3970612808266,164.5894488204397,1065.400751015937,164.5894488204397,789.6398554592624
141,164.5894002431605,1014.55918593148,164.5894488204397,1089.485177816062,164.5894488204397,832.6504128132977
142,164.5894002431605,1043.569152145335,164.5894488204397,1112.530397911846,164.5894488204397,874.9496074596391
143,164.5894002431605,1071.384193045351,164.5894488204397,1134.715889618047,164.5894488204397,915.9415907315398
144,164.5894002431605,1098.225591183786,164.5894488204397,1155.978304061925,164.5894488204397,955.5780245089702
145,164.5894002431605,1123.909830660564,164.5894488204397,1176.339413336943,164.5894488204397,993.5366545515823
146,164.5894002431605,1148.678917603736,164.5894488204397,1195.969058741251,164.5894488204397,1028.121358427487
147,164.5894002431605,1172.499407149846,164.5894488204397,1214.748631768206,164.5894488204397,1061.423010138186
148,164.5894002431605,1195.284383200913,164.5894488204397,1232.718026228036,164.5894488204397,1092.926556120791
149,164.5894002431605,1217.258134678936,164.5894488204397,1250.038591635555,164.5894488204397,1122.311302221366
150,164.5894002431605,1238.340197324415,164.5894488204397,1266.604384614541,164.5894488204397,1151.028017754106
151,164.5894002431605,1258.475320039105,164.5894488204397,1282.46184050079,164.5894488204397,1178.458146716743
152,164.5894002431605,1277.781207508234,164.5894488204397,1297.74147649778,164.5894488204397,1204.241625991795
153,164.5894002431605,1296.312802363513,164.5894488204397,1312.449841510978,164.5894488204397,1229.314404792226
154,164.5894002431605,1313.954558576995,164.5894488204397,1326.689952560641,164.5894488204397,1253.237122148138
155,164.5894002431605,1330.727932636325,164.5894488204397,1340.534622920924,164.5894488204397,1276.014164567413
156,164.5894002431605,1346.711018813447,164.5894488204397,1354.047448078484,164.5894488204397,1297.430862886343
157,164.5894002431605,1361.969836603568,164.5894488204397,1367.19124607099,164.5894488204397,1318.124638944956
158,164.5894002431605,1376.385885200047,164.5894488204397,1379.925457651016,164.5894488204397,1337.760344394705
159,164.5894002431605,1390.001646546003,164.5894488204397,1392.240785202197,164.5894488204397,1356.348463053348
160,164.5894002431605,1402.817965311447,164.5894488204397,1404.124524642151,164.5894488204397,1373.905351326021
161,164.5894002431605,1414.898946824386,164.5894488204397,1415.614193038796,164.5894488204397,1390.333762908036
162,164.5894002431605,1426.345471681715,164.5894488204397,1426.689697965938,164.5894488204397,1405.976340104929
163,164.5894002431605,1437.075317465182,164.5894488204397,1437.297611703067,164.5894488204397,1420.627210425773
164,164.5894002431605,1447.219875465483,164.5894488204397,1447.422700619517,164.5894488204397,1434.289903560642
165,164.5894002431605,1456.860554754059,164.5894488204397,1457.048699825345,164.5894488204397,1446.967318798236
166,164.5894002431605,1465.983399440326,164.5894488204397,1466.158389219737,164.5894488204397,1458.665044559233
167,164.5894002431605,1474.567710324294,164.5894488204397,1474.733427232925,164.5894488204397,1469.384878493855
168,164.5894002431605,1482.588457523851,164.5894488204397,1482.76367882183,164.5894488204397,1479.123059194529
169,164.5894002431605,1490.116874539053,164.5894488204397,1490.270504272436,164.5894488204397,1487.933455902186
170,164.5894002431605,1497.046667885345,164.5894488204397,1497.185510462816,164.5894488204397,1495.820005673735
171,164.5894002431605,1503.357506008621,164.5894488204397,1503.487753874583,164.5894488204397,1502.763363906681
172,164.5894002431605,1509.037618132735,164.5894488204397,1509.16038875143,164.5894488204397,1508.792260417654
173,164.5894002431605,1514.073339372593,164.5894488204397,1514.189696446088,164.5894488204397,1513.957907550512
174,164.5894002431605,1518.454652470725,164.5894488204397,1518.565630396445,164.5894488204397,1518.380353266562
175,164.5894002431605,1522.17401484242,164.5894488204397,1522.280627352946,164.5894488204397,1522.133448191477
176,164.5894002431605,1525.225381369153,164.5894488204397,1525.32733858441,164.5894488204397,1525.212417832148
177,164.5894002431605,1527.603969873113,164.5894488204397,1527.701740421142,164.5894488204397,1527.613462122609
178,164.5894002431605,1529.30887814404,164.5894488204397,1529.40185893092,164.5894488204397,1529.335700035376
179,164.5894002431605,1530.373266945115,164.5894488204397,1530.453977295817,164.5894488204397,1530.406221421069
180,164.5894002431605,1531.25272095536,164.5894488204397,1531.263721232316,164.5894488204397,1531.231518157741
