loop:1,season:59345410,P_air:0.952032166119392,P_ice:0.02049672420798329,P_rego:0.02747110967262482,T_sub:193.7966086406709
0,351.8874281900694,0,347.8236463587974,0,348.4790088509283,0
1,351.5319143555736,0,347.4802126303952,0,348.2783657917573,0
2,351.3756551343603,0,347.2826904735072,0,348.2238421544427,0
3,351.223354061623,0,347.0821083291518,0,348.1669746678274,0
4,351.0448317960158,0,346.8551422665372,0,348.0849619186251,0
5,350.8295847905297,0,346.5935575290823,0,347.970122138062,0
6,350.5728965470907,0,346.2936005269363,0,347.8192863133635,0
7,350.2724148813312,0,345.9534347801736,0,347.6311550985332,0
8,349.9269250769303,0,345.572068874322,0,347.4052908783845,0
9,349.5358097877998,0,345.1489105077756,0,347.141805832092,0
10,349.0987803645727,0,344.6837303965207,0,346.8410117072988,0
11,348.6157331362448,0,344.1763540349289,0,346.5034852481626,0
12,348.0866694300816,0,343.6267490666255,0,346.1297659248823,0
13,347.5116504078962,0,343.0348804502398,0,345.7206224943075,0
14,346.8907717678933,0,342.4007787171597,0,345.2766357439649,0
15,346.2241500574634,0,341.7244965376819,0,344.7986157094646,0
16,345.5119158206855,0,341.0060682343963,0,344.287080014444,0
17,344.7542107305986,0,340.2455677297239,0,343.7426221520531,0
18,343.9511869786524,0,339.4430738479089,0,343.1655023330758,0
19,343.1030078740923,0,338.5986748962463,0,342.5556136841715,0
20,342.2098490369465,0,337.7124936216988,0,341.9121817888374,0
21,341.2718999469921,0,336.7846672839607,0,341.2324471242778,0
22,340.2893672988317,0,335.8153151677559,0,340.5098235429663,0
23,339.2625018592059,0,334.8046221095024,0,339.7427629787283,0
24,338.1919246941949,0,333.7528034422193,0,338.931441863305,0
25,337.0822774014545,0,332.6603057548469,0,338.0762858050695,0
26,335.9407092252799,0,331.5284043219126,0,337.1785337955706,0
27,334.7707409870268,0,330.3588321956847,0,336.2398724609284,0
28,333.5748365149022,0,329.153425652987,0,335.2621040712286,0
29,332.3548575906385,0,327.9140129790543,0,334.2470347233514,0
30,331.1122857194899,0,326.6424240571798,0,333.1964196684997,0
31,329.84834153255,0,325.3403529068563,0,332.1119358303132,0
32,328.5640589445534,0,324.0094277281385,0,330.9951703437262,0
33,327.2603349734317,0,322.6512232491318,0,329.8476177772079,0
34,325.9379650150456,0,321.267138882695,0,328.6706821735303,0
35,324.5976688453831,0,319.8585701879884,0,327.4656823785136,0
36,323.2401105302199,0,318.4268160469147,0,326.2338591281569,0
37,321.8659143657392,0,316.9730426621537,0,324.9763831822573,0
38,320.4756783740425,0,315.4984856091279,0,323.6943643350743,0
39,319.0699865177908,0,314.0041731555996,0,322.388861404667,0
40,317.6494206486906,0,312.4912090569624,0,321.0608931013755,0
41,316.2145732113459,0,310.9606736461469,0,319.7114500661125,0
42,314.7660617777365,0,309.4134723523994,0,318.3415093496591,0
43,313.3045464984509,0,307.8508208376786,0,316.9520519116726,0
44,311.8307514661727,0,306.2735996082254,0,315.544084170317,0
45,310.3454907325702,0,304.6828164192215,0,314.118664947796,0
46,308.8496992248831,0,303.0802005438113,0,312.6769381306281,0
47,307.3444679997633,0,301.466545403741,0,311.2201714798392,0
48,305.8310821117223,0,299.8434059387341,0,309.7498005676904,0
49,304.3110578958443,0,298.2126762971835,0,308.2674754497255,0
50,302.7861748063884,0,296.5761305139882,0,306.7751055743584,0
51,301.2584953713372,0,294.9361440872392,0,305.2748962535221,0
52,299.730365683124,0,293.2952475745704,0,303.7693678814628,0
53,298.2043885759409,0,291.6562806281026,0,302.2613478278318,0
54,296.6833626483023,0,290.0224619167274,0,300.7539249868387,0
55,295.1701828529372,0,288.3970238497558,0,299.2503587328194,0
56,293.6677025211837,0,286.7833567619952,0,297.7539382041097,0
57,292.1785620997998,0,285.184633050071,0,296.2677947225549,0
58,290.7049958676669,0,283.6036225413682,0,294.7946776433909,0
59,289.2486334766781,0,282.0425541642371,0,293.3367126985314,0
60,287.8103171943925,0,280.5027143077198,0,291.8951691587971,0
61,286.3899571838409,0,278.9843784347412,0,290.4702655050538,0
62,284.9864453632806,0,277.4866686310204,0,289.0610432662219,0
63,283.5976432325726,0,276.0074383929904,0,287.6653326666921,0
64,282.2204510695861,0,274.5434408916573,0,286.2798228307527,0
65,280.850956208618,0,273.0904640376044,0,284.9002356744654,0
66,279.4846481977499,0,271.6435585809933,0,283.521587861911,0
67,278.1166800308874,0,270.1974176806531,0,282.1385112443594,0
68,276.742148625941,0,268.7467086447188,0,280.7455979954997,0
69,275.3563650139275,0,267.2863544932702,0,279.3377313643178,0
70,273.9550854313405,0,265.8118839669418,0,277.9144153176681,0
71,272.5346782354998,0,264.3196030013306,0,276.4782411662984,0
72,271.092207524615,0,262.8066766162509,0,275.0281580967084,0
73,269.6254217378363,0,261.2711526368644,0,273.5628843468608,0
74,268.1326437568044,0,259.7118260834036,0,272.0811636686907,0
75,266.6125679005155,0,258.128046762214,0,270.5818564624072,0
76,265.0639787370309,0,256.5193503462349,0,269.0639707189775,0
77,263.48541682898,0,254.8851150911986,0,267.5260488706899,0
78,261.8748269092544,0,253.2241053943763,0,265.9661941949824,0
79,260.2292332012846,0,251.5340857106329,0,264.3812425511262,0
80,258.5444923223861,0,249.81140989972,0,262.7668656750234,0
81,256.8151735057271,0,248.0507117133301,0,261.1169576284155,0
82,255.0346061561944,0,246.2440521456848,0,259.4239641281758,0
83,253.1951150649414,0,244.3814599292432,0,257.6787909104876,0
84,251.2884357716374,0,242.4506340382781,0,255.8715096121246,0
85,249.3062715087761,0,240.4369604637138,0,253.9920161943829,0
86,247.2409259223366,0,238.323223003238,0,252.0313130486049,0
87,245.0859291303086,0,236.0896230540738,0,249.982699599335,0
88,242.8365717075129,0,233.7116027107062,0,247.8429583243213,0
89,240.4902681942536,0,231.158747642433,0,245.6136554752809,0
90,238.0466892099189,0,228.4279736975215,0,243.3023713121647,0
91,235.5075952153322,0,225.6241598866497,0,240.9241352968177,0
92,232.8756554405438,0,222.7851673373054,0,238.5030698667299,0
93,230.1516886977813,0,219.9508815831869,0,236.0568843220124,0
94,227.3725396824668,0,217.1711435546595,0,233.6006123146104,0
95,224.6184649707084,0,214.4699211177259,0,231.1175198861118,0
96,221.8953401709344,0,211.8438423705007,0,228.5700156585345,0
97,219.171139140149,0,209.2681398016798,0,226.044902139714,0
98,216.3844559885341,0,206.6599905793043,0,223.5102334811073,0
99,213.4432187144421,0,203.3632899046209,0,220.8827820563498,0
100,210.2084989717713,0,196.6853334724552,0,218.0416689035541,0
101,206.4675578119069,0,193.7966154261656,183.50962607144,214.8169188407348,0
102,202.0568793863259,0,193.7966154261656,384.7960696196844,211.0525538250779,0
103,197.5075812105079,0,193.7966154261656,514.326872428746,207.2710290725431,0
104,193.7966086406709,145.8385691997836,193.7966154261656,542.4359740369033,206.5749277059191,0
105,193.7966086406709,197.1523746202647,193.7966154261656,558.7941956071072,206.4555678621263,0
106,193.7966086406709,228.9314847604842,193.7966154261656,574.7089819604195,206.3336891804523,0
107,193.7966086406709,259.9649747903958,193.7966154261656,590.215610479504,206.209224801155,0
108,193.7966086406709,290.3038143251334,193.7966154261656,605.3351469190679,206.0821101761408,0
109,193.7966086406709,319.9635215132765,193.7966154261656,620.0907931382141,205.9522853077615,0
110,193.7966086406709,348.9579204313874,193.7966154261656,634.5114013471162,205.8197179115631,0
111,193.7966086406709,377.2996921072059,193.7966154261656,648.6426179059266,205.6843799790278,0
112,193.7966086406709,405.0000715848948,193.7966154261656,662.5598545271811,205.5462158536236,0
113,193.7966086406709,432.0691033926264,193.7966154261656,676.2814682576869,205.4052207203721,0
114,193.7966086406709,458.516211127368,193.7966154261656,689.8080516901596,205.2613871874338,0
115,193.7966086406709,484.3500040175416,193.7966154261656,703.1400369139404,205.114691563065,0
116,193.7966086406709,509.5781895062669,193.7966154261656,716.2777007600363,204.9651322381987,0
117,193.7966086406709,534.2082927209885,193.7966154261656,729.2212613240991,204.8127184867963,0
118,193.7966086406709,558.2468902477824,193.7966154261656,741.9708123501754,204.6574516180814,0
119,193.7966086406709,581.7001143754752,193.7966154261656,754.5263639973641,204.4993232347331,0
120,193.7966086406709,604.5739097964241,193.7966154261656,766.8879337212686,204.3383806358681,0
121,193.7966086406709,626.8735118504349,193.7966154261656,779.0554469732269,204.1746148896192,0
122,193.7966086406709,648.6044397968535,193.7966154261656,791.0288397819307,204.0080452239286,0
123,193.7966086406709,669.7713400191484,193.7966154261656,802.8079769204917,203.8387315501862,0
124,193.7966086406709,690.3786740631257,193.7966154261656,814.3926876291729,203.6666516347639,0
125,193.7966086406709,710.4306523921688,193.7966154261656,825.7828183307582,203.4918675348796,0
126,193.7966086406709,729.9317406475141,193.7966154261656,836.9781887202802,203.3144237337739,0
127,193.7966086406709,748.8862865293053,193.7966154261656,847.9785745710976,203.134306138857,0
128,193.7966086406709,767.2977125755699,193.7966154261656,858.7836143635666,202.951632592628,0
129,193.7966086406709,785.1685156059793,193.7966154261656,869.3926531836347,202.7663661526292,0
130,193.7966086406709,802.4976782777545,193.7966154261656,879.8040451427325,201.7808820784019,0
131,193.7966086406709,819.2659951748553,193.7966154261656,890.0119809923016,199.604635984657,0
132,193.7966086406709,835.3501282396812,193.7966154261656,899.9918886289025,194.6870158053373,0
133,193.7966086406709,849.9544447324969,193.7966154261656,909.6910925322551,193.7966154261656,47.47232852634494
134,193.7966086406709,865.5249147272841,193.7966154261656,919.6751357572908,193.7966154261656,95.92833243854787
135,193.7966086406709,881.0798291569082,193.7966154261656,929.2328013006939,193.7966154261656,142.1722124854806
136,193.7966086406709,895.4657812477543,193.7966154261656,938.5913042911633,193.7966154261656,185.172158919781
137,193.7966086406709,909.3109949052501,193.7966154261656,947.7618333296952,193.7966154261656,225.8253687095068
138,193.7966086406709,922.6165631335933,193.7966154261656,956.727762771419,193.7966154261656,263.4219665715327
139,193.7966086406709,935.4579694426723,193.7966154261656,965.5132607232011,193.7966154261656,300.5186111430205
140,193.7966086406709,947.8158364408997,193.7966154261656,974.0956477861952,193.7966154261656,335.0185170264705
141,193.7966086406709,959.6282066898796,193.7966154261656,982.4795533182265,193.7966154261656,368.1405634630261
142,193.7966086406709,970.9983369041149,193.7966154261656,990.6790751941476,193.7966154261656,403.920312785465
143,193.7966086406709,981.9149757735609,193.7966154261656,998.6744264809748,193.7966154261656,437.3637843384508
144,193.7966086406709,992.3270488245928,193.7966154261656,1006.471132823658,193.7966154261656,469.8605095250165
145,193.7966086406709,1002.266957970872,193.7966154261656,1014.067907718458,193.7966154261656,500.4961699282475
146,193.7966086406709,1011.690403334537,193.7966154261656,1021.467132533123,193.7966154261656,531.1872862777934
147,193.7966086406709,1020.76608035323,193.7966154261656,1028.666440298475,193.7966154261656,560.1359544474363
148,193.7966086406709,1029.340326486219,193.7966154261656,1035.66100375881,193.7966154261656,589.0063616158409
149,193.7966086406709,1037.467630016723,193.7966154261656,1042.451534130724,193.7966154261656,616.4100593325406
150,193.7966086406709,1045.159508040738,193.7966154261656,1049.036798948243,193.7966154261656,642.9883893534663
151,193.7966086406709,1052.425576864693,193.7966154261656,1055.415491060535,193.7966154261656,668.798519778113
152,193.7966086406709,1059.27248213315,193.7966154261656,1061.585933706171,193.7966154261656,694.4594952109026
153,193.7966086406709,1065.691381834265,193.7966154261656,1067.553165990585,193.7966154261656,718.7678541366616
154,193.7966086406709,1071.813360554555,193.7966154261656,1073.307184267424,193.7966154261656,742.3161227918423
155,193.7966086406709,1077.536771367863,193.7966154261656,1078.849873134002,193.7966154261656,765.1262892545931
156,193.7966086406709,1082.943083061608,193.7966154261656,1084.18013363215,193.7966154261656,787.1968955113117
157,193.7966086406709,1088.102531729779,193.7966154261656,1089.296935873641,193.7966154261656,808.5279153176077
158,193.7966086406709,1093.045902500643,193.7966154261656,1094.199329752322,193.7966154261656,829.1322264612327
159,193.7966086406709,1097.772421017558,193.7966154261656,1098.886464631856,193.7966154261656,849.0273467620203
160,193.7966086406709,1102.281228432225,193.7966154261656,1103.357574581712,193.7966154261656,868.187763580356
161,193.7966086406709,1106.571617758317,193.7966154261656,1107.611966674353,193.7966154261656,886.6074442960858
162,193.7966086406709,1110.642761949048,193.7966154261656,1111.648998440774,193.7966154261656,904.2856183560152
163,193.7966086406709,1114.493676396202,193.7966154261656,1115.468045441608,193.7966154261656,921.2209981629761
164,193.7966086406709,1118.112600835137,193.7966154261656,1119.06813267266,193.7966154261656,937.3486797233704
165,193.7966086406709,1121.521757290363,193.7966154261656,1122.454923220516,193.7966154261656,952.8173657786476
166,193.7966086406709,1124.728842408169,193.7966154261656,1125.61790154594,193.7966154261656,967.527302524213
167,193.7966086406709,1127.696940399935,193.7966154261656,1128.560595331786,193.7966154261656,981.4934028502804
168,193.7966086406709,1130.442698947913,193.7966154261656,1131.282500575703,193.7966154261656,994.7347563172465
169,193.7966086406709,1132.965929067037,193.7966154261656,1133.783266998988,193.7966154261656,1007.252622910827
170,193.7966086406709,1135.267045928808,193.7966154261656,1136.062873757165,193.7966154261656,1019.057531387265
171,193.7966086406709,1137.347114854668,193.7966154261656,1138.121902302201,193.7966154261656,1030.160239058987
172,193.7966086406709,1139.208484829905,193.7966154261656,1139.961976947141,193.7966154261656,1040.58320916247
173,193.7966086406709,1140.855480574668,193.7966154261656,1141.586454566614,193.7966154261656,1050.339909342833
174,193.7966086406709,1142.295705088882,193.7966154261656,1143.001528152203,193.7966154261656,1059.45589860065
175,193.7966086406709,1143.54187720002,193.7966154261656,1144.218100776461,193.7966154261656,1067.953660430778
176,193.7966086406709,1144.615840535529,193.7966154261656,1145.255265745041,193.7966154261656,1075.865314143744
177,193.7966086406709,1145.556893938843,193.7966154261656,1146.148046056217,193.7966154261656,1083.239372276958
178,193.7966086406709,1146.444584910041,193.7966154261656,1146.969029511072,193.7966154261656,1090.157635289539
179,193.7966086406709,1147.479896506871,193.7966154261656,1147.917896024815,193.7966154261656,1096.831675162585
180,193.7966086406709,1150.26803918858,193.7966154261656,1150.281214222263,193.7966154261656,1104.536304422026
