loop:1,season:59345965,P_air:0.9520338607872819,P_ice:0.02049708313796707,P_rego:0.027469056074751,T_sub:193.7966289960125
0,351.8816727442563,0,347.8234027937526,0,348.4662833823398,0
1,351.5261433594337,0,347.4799673323872,0,348.2658156938625,0
2,351.3698807023009,0,347.2824532106413,0,348.2114806448855,0
3,351.2175801504048,0,347.0818791564558,0,348.1548048307595,0
4,351.039061202389,0,346.8549199494428,0,348.0729851176975,0
5,350.8238198877958,0,346.5933404710137,0,347.9583389227961,0
6,350.5671394843926,0,346.2933870144525,0,347.8076966423608,0
7,350.2666676661407,0,345.9532230267073,0,347.6197584136411,0
8,349.9211896196464,0,345.5718570930269,0,347.3940861655461,0
9,349.530087930154,0,345.1486969799709,0,347.1307915890791,0
10,349.0930738994563,0,344.6835134149467,0,346.830185994292,0
11,348.610043822198,0,344.1761319713564,0,346.4928456152798,0
12,348.0809990020799,0,343.6265203372228,0,346.119309495503,0
13,347.5060005853842,0,343.0346435517769,0,345.710345846849,0
14,346.8851442606916,0,342.4005322039694,0,345.2665350559357,0
15,346.218546569998,0,341.724239019778,0,344.7886866176746,0
16,345.5063380548909,0,341.0057983985904,0,344.2773178168614,0
17,344.7486603877728,0,340.2452843207715,0,343.7330217642245,0
18,343.9456657604993,0,339.4427756722832,0,343.156058515157,0
19,343.0975174831467,0,338.5983608232023,0,342.5463212906931,0
20,342.2043911766426,0,337.712162568464,0,341.9030362181088,0
21,341.2664763229181,0,336.7843182149715,0,341.2234456411213,0
22,340.2839796401059,0,335.814947117265,0,340.500967822741,0
23,339.2571521973637,0,334.804234163865,0,339.7340557964234,0
24,338.1866188263873,0,333.7523949275726,0,338.9228861590035,0
25,337.0770506980502,0,332.6598783255446,0,338.0678867600473,0
26,335.9355813195091,0,331.5279627875748,0,337.1702996690411,0
27,334.7657247947953,0,330.3583822091599,0,336.2318122843145,0
28,333.5699416478364,0,329.1529730578403,0,335.2542269870509,0
29,332.3500916085559,0,327.9135634823258,0,334.2393496498164,0
30,331.1076547324197,0,326.6419830185949,0,333.1889351231231,0
31,329.8438505606885,0,325.3399252852102,0,332.1046598379229,0
32,328.5597121539414,0,324.0090180223884,0,330.9881103931761,0
33,327.2561358402012,0,322.6508354589166,0,329.840780807565,0
34,325.9339164450771,0,321.2667765690787,0,328.6640745784852,0
35,324.5937732644429,0,319.8582364350699,0,327.4593100216972,0
36,323.2363699536764,0,318.4265134959272,0,326.2277273648202,0
37,321.8623304536198,0,316.972773578229,0,324.970496884423,0
38,320.4722524752251,0,315.4982518217363,0,323.6887279182214,0
39,319.066719705958,0,314.0039761889593,0,322.3834788545931,0
40,317.6463137519334,0,312.4910500798013,0,321.0557680005039,0
41,316.211626836723,0,310.9605534939918,0,319.706585618893,0
42,314.7632763315904,0,309.4133916582173,0,318.3369084064582,0
43,313.3019222028284,0,307.8507798509418,0,316.9477169907739,0
44,311.8282883712592,0,306.2735984531681,0,315.5400174775199,0
45,310.343188724616,0,304.6828550613246,0,314.1148683926203,0
46,308.847558028678,0,303.080278379914,0,312.6734133380591,0
47,307.3424871743724,0,301.4666619691558,0,311.216919795948,0
48,305.829261038022,0,299.8435605114053,0,309.7468230571818,0
49,304.3093957545176,0,298.2128678021518,0,308.2647728832795,0
50,302.7846705455942,0,296.5763577496497,0,306.7726784039093,0
51,301.257147664335,0,294.9364054848473,0,305.2727445744686,0
52,299.7291728777417,0,293.2955412535844,0,303.7674913824342,0
53,298.2033486397976,0,291.656604334634,0,302.2597457309496,0
54,296.6824731158856,0,290.022812881833,0,300.7525959842512,0
55,295.1694407825849,0,288.3973988344297,0,299.2493009283782,0
56,293.6671044712417,0,286.7837519301133,0,297.7531490716828,0
57,292.1781041332291,0,285.1850439951832,0,296.2672710935414,0
58,290.7046735928125,0,283.604044328491,0,294.7944157354358,0
59,289.2484421286852,0,282.0429813531201,0,293.3367081941639,0
60,287.8102517571194,0,280.5031411406525,0,291.8954173368629,0
61,286.3900125466784,0,278.9847989893343,0,290.4707614205468,0
62,284.9866165019069,0,277.4870770195048,0,289.0617819658773,0
63,283.5979253983342,0,276.0078290310341,0,287.6663094205838,0
64,282.2208399697379,0,274.5438086941338,0,286.2810333558031,0
65,280.8514481596272,0,273.0908046071707,0,284.901676325084,0
66,279.4852402363384,0,271.6438683649761,0,283.5232557665506,0
67,278.1173699720885,0,270.1976940215059,0,282.140404374827,0
68,276.742935063398,0,268.7469497663991,0,280.7477151633443,0
69,275.3572472640475,0,267.2865594510529,0,279.3400721481117,0
70,273.9560634288401,0,265.8120524936568,0,277.9169772515424,0
71,272.5357523927062,0,264.319735332636,0,276.4810180364431,0
72,271.0933785703294,0,262.8067733080523,0,275.0311427403245,0
73,269.6266905536707,0,261.271214360678,0,273.5660691860101,0
74,268.1340112299023,0,259.7118534505198,0,272.0845410133553,0
75,266.6140348116232,0,258.1280401626171,0,270.5854186405754,0
76,265.0655457019079,0,256.5193098757833,0,269.06771003024,0
77,263.4870843086043,0,254.885040520649,0,267.5299577604029,0
78,261.8765952993722,0,253.2239962454391,0,265.9702652157605,0
79,260.2311030037827,0,251.5339414075306,0,264.3854686926617,0
80,258.5464643895611,0,249.811230055564,0,262.7712404884277,0
81,256.8172493347863,0,248.0504965549824,0,261.1214756903939,0
82,255.0367881977483,0,246.243809349233,0,259.4286213135243,0
83,253.1974069994782,0,244.3812731360629,0,257.683584855773,0
84,251.2908427057585,0,242.4505941252442,0,255.876439942396,0
85,249.3088000506256,0,240.4371541325528,0,253.9970846228866,0
86,247.2435841125487,0,238.3236703608327,0,252.0365229785552,0
87,245.0887262263317,0,236.0903537278155,0,249.9880552846334,0
88,242.8395178376785,0,233.7126599766746,0,247.8484635411758,0
89,240.4933739161485,0,231.1601934817252,0,245.6193115341918,0
90,238.0499649925037,0,228.4297261775913,0,243.3081743285632,0
91,235.5110502807005,0,225.6261461673213,0,240.9300724188799,0
92,232.8792962282747,0,222.7873565116056,0,238.5091137592395,0
93,230.1555563034309,0,219.9532198437911,0,236.0629964013318,0
94,227.3764518841826,0,217.1735682563486,0,233.6067644161533,0
95,224.6223649057458,0,214.4724001534678,0,231.1237395185285,0
96,221.8991902844733,0,211.8463488761952,0,228.5762236815518,0
97,219.174910817053,0,209.2706436559129,0,226.0510211095872,0
98,216.3881214757744,0,206.6624761103618,0,223.5162302196044,0
99,213.4467384305984,0,203.3660747352298,0,220.8886210695686,0
100,210.2118132146603,0,196.6902356887641,0,218.0473084384962,0
101,206.4707269104196,0,193.796635780365,183.4333672769409,214.8222987452544,0
102,202.0605606001908,0,193.796635780365,384.7612978935572,211.0576148386561,0
103,197.5121829145783,0,193.796635780365,514.3348891718135,207.2757004906898,0
104,193.7966289960125,145.763190639243,193.796635780365,542.478927815076,206.5778610658002,0
105,193.7966289960125,197.1361099474636,193.796635780365,558.8371493852799,206.4584822141267,0
106,193.7966289960125,228.9163741826402,193.796635780365,574.7519357385921,206.3365820877993,0
107,193.7966289960125,259.9510308959208,193.796635780365,590.2585642576767,206.2120938945295,0
108,193.7966289960125,290.2910492614897,193.796635780365,605.3781006972406,206.0849531535061,0
109,193.7966289960125,319.9519469761018,193.796635780365,620.1337469163867,205.9550999328714,0
110,193.7966289960125,348.9475476533434,193.796635780365,634.5543551252889,205.8225019988907,0
111,193.7966289960125,377.2905318465106,193.796635780365,648.6855716840993,205.6871313924154,0
112,193.7966289960125,404.9921341134935,193.796635780365,662.6028083053537,205.5489325236262,0
113,193.7966289960125,432.0623984839493,193.796635780365,676.3244220358596,205.4079006156053,0
114,193.7966289960125,458.5107480436215,193.796635780365,689.8510054683322,205.2640283172081,0
115,193.7966289960125,484.3457914964677,193.796635780365,703.1829906921131,205.1172919880476,0
116,193.7966289960125,509.5752357473016,193.796635780365,716.3206545382089,204.9676900585781,0
117,193.7966289960125,534.2066053707408,193.796635780365,729.2642151022718,204.8152318369959,0
118,193.7966289960125,558.2464763847439,193.796635780365,742.013766128348,204.6599186725033,0
119,193.7966289960125,581.7009804938602,193.796635780365,754.5693177755368,204.5017422145101,0
120,193.7966289960125,604.5760617890264,193.796635780365,766.9308874994413,204.3407497772859,0
121,193.7966289960125,626.8769549903714,193.796635780365,779.0984007513996,204.1769324780994,0
122,193.7966289960125,648.609178718048,193.796635780365,791.0717935601034,204.0103095785568,0
123,193.7966289960125,669.7773786953861,193.796635780365,802.8509306986643,203.84094100089,0
124,193.7966289960125,690.3860157854864,193.796635780365,814.4356414073455,203.6688045714365,0
125,193.7966289960125,710.4392997446158,193.796635780365,825.8257721089309,203.4939623589813,0
126,193.7966289960125,729.9416954803829,193.796635780365,837.0211424984528,203.3164588695974,0
127,193.7966289960125,748.897549930395,193.796635780365,848.0215283492703,203.1362800687997,0
128,193.7966289960125,767.3102848384931,193.796635780365,858.8265681417392,202.9535437808353,0
129,193.7966289960125,785.1823961953647,193.796635780365,869.4356069618074,202.7682131366013,0
130,193.7966289960125,802.5128657908327,193.796635780365,879.8469989209052,201.7831307486288,0
131,193.7966289960125,819.2824872988688,193.796635780365,890.0549347704742,199.6079810914032,0
132,193.7966289960125,835.3679217044581,193.796635780365,900.0348424070752,194.6930606024987,0
133,193.7966289960125,849.9735352574046,193.796635780365,909.7340463104277,193.796635780365,47.43041567130837
134,193.7966289960125,865.5452969616197,193.796635780365,919.7180895354635,193.796635780365,95.88820213304408
135,193.7966289960125,881.101496612592,193.796635780365,929.2757550788666,193.796635780365,142.1338900377263
136,193.7966289960125,895.4887262229488,193.796635780365,938.6342580693359,193.796635780365,185.135669087302
137,193.7966289960125,909.3352083972197,193.796635780365,947.8047871078678,193.796635780365,225.7907356915965
138,193.7966289960125,922.642034738726,193.796635780365,956.7707165495916,193.796635780365,263.3892140018807
139,193.7966289960125,935.4846872410784,193.796635780365,965.5562145013738,193.796635780365,300.4877620825137
140,193.7966289960125,947.8437868623325,193.796635780365,974.1386015643678,193.796635780365,334.9895939561686
141,193.7966289960125,959.6573743568426,193.796635780365,982.5225070963992,193.796635780365,368.1135882773136
142,193.7966289960125,971.0287044468232,193.796635780365,990.7220289723202,193.796635780365,403.8953067853815
143,193.7966289960125,981.9465236097882,193.796635780365,998.7173802591475,193.796635780365,437.3407682252031
144,193.7966289960125,992.3597548951406,193.796635780365,1006.514086601831,193.796635780365,469.8395033936726
145,193.7966289960125,1002.30079741811,193.796635780365,1014.11086149663,193.796635780365,500.4771932616154
146,193.7966289960125,1011.725348106625,193.796635780365,1021.510086311295,193.796635780365,531.1703579404867
147,193.7966289960125,1020.802098709284,193.796635780365,1028.709394076647,193.796635780365,560.1210926801274
148,193.7966289960125,1029.377382366099,193.796635780365,1035.703957536983,193.796635780365,588.9935840297049
149,193.7966289960125,1037.505682220047,193.796635780365,1042.494487908897,193.796635780365,616.3993829038911
150,193.7966289960125,1045.198509126471,193.796635780365,1049.079752726416,193.796635780365,642.9798304185838
151,193.7966289960125,1052.465471620648,193.796635780365,1055.458444838708,193.796635780365,668.7920940282687
152,193.7966289960125,1059.313205338053,193.796635780365,1061.628887484343,193.796635780365,694.4552176875792
153,193.7966289960125,1065.732854742552,193.796635780365,1067.596119768757,193.796635780365,718.7657392269713
154,193.7966289960125,1071.855484725859,193.796635780365,1073.350138045596,193.796635780365,742.3161842241437
155,193.7966289960125,1077.579415445789,193.796635780365,1078.892826912174,193.796635780365,765.1285400943103
156,193.7966289960125,1082.986033336186,193.796635780365,1084.223087410323,193.796635780365,787.2013481569543
157,193.7966289960125,1088.145485533163,193.796635780365,1089.339889651814,193.796635780365,808.5345814969934
158,193.7966289960125,1093.088856304027,193.796635780365,1094.242283530495,193.796635780365,829.1411172279157
159,193.7966289960125,1097.815374820942,193.796635780365,1098.929418410029,193.796635780365,849.038472491924
160,193.7966289960125,1102.324182235609,193.796635780365,1103.400528359884,193.796635780365,868.201133968612
161,193.7966289960125,1106.6145715617,193.796635780365,1107.654920452525,193.796635780365,886.6230683540814
162,193.7966289960125,1110.685715752432,193.796635780365,1111.691952218947,193.796635780365,904.3035044086479
163,193.7966289960125,1114.536630199586,193.796635780365,1115.510999219781,193.796635780365,921.2411538461179
164,193.7966289960125,1118.15555463852,193.796635780365,1119.111086450833,193.796635780365,937.371111981542
165,193.7966289960125,1121.564711093746,193.796635780365,1122.497876998689,193.796635780365,952.8420808629027
166,193.7966289960125,1124.771796211553,193.796635780365,1125.660855324112,193.796635780365,967.5543059902343
167,193.7966289960125,1127.739894203319,193.796635780365,1128.603549109958,193.796635780365,981.5226995566876
168,193.7966289960125,1130.485652751297,193.796635780365,1131.325454353876,193.796635780365,994.766350424116
169,193.7966289960125,1133.00888287042,193.796635780365,1133.826220777161,193.796635780365,1007.286517878425
170,193.7966289960125,1135.309999732192,193.796635780365,1136.105827535338,193.796635780365,1019.093729974993
171,193.7966289960125,1137.390068658052,193.796635780365,1138.164856080374,193.796635780365,1030.198743324541
172,193.7966289960125,1139.251438633288,193.796635780365,1140.004930725314,193.796635780365,1040.623964927044
173,193.7966289960125,1140.898434378052,193.796635780365,1141.629408344786,193.796635780365,1050.382159909038
174,193.7966289960125,1142.338658892266,193.796635780365,1143.044481930376,193.796635780365,1059.498852378822
175,193.7966289960125,1143.584831003404,193.796635780365,1144.261054554633,193.796635780365,1067.996614208951
176,193.7966289960125,1144.658794338912,193.796635780365,1145.298219523213,193.796635780365,1075.908267921917
177,193.7966289960125,1145.599847742227,193.796635780365,1146.190999834389,193.796635780365,1083.28232605513
178,193.7966289960125,1146.487538713425,193.796635780365,1147.011983289245,193.796635780365,1090.200589067711
179,193.7966289960125,1147.522850310255,193.796635780365,1147.960849802987,193.796635780365,1096.874628940758
180,193.7966289960125,1150.310992991964,193.796635780365,1150.324168000436,193.796635780365,1104.579258200199
