loop:1,season:59346890,P_air:4.991703121876545,P_ice:0,P_rego:0.00829687812345494,T_sub:214.2862809297692
0,473.8659429781012,0,472.9188184926786,0,473.3264654258159,0
1,476.5336577569016,0,476.0726294888618,0,476.421579649512,0
2,477.3862217106138,0,477.108990709722,0,477.4003023413219,0
3,477.8393242015313,0,477.6880981927891,0,477.9241647425216,0
4,478.0914580469876,0,478.0431966164815,0,478.2277464704349,0
5,478.2071725176764,0,478.250241489775,0,478.3884190667305,0
6,478.2150293394099,0,478.3428862837055,0,478.4411968202205,0
7,478.1300441613745,0,478.3387693843654,0,478.4051678537548,0
8,477.9611000412917,0,478.2482534355658,0,478.2921276019005,0
9,477.7139717235275,0,478.0779834746795,0,478.1100542890036,0
10,477.3927514806415,0,477.8325591708049,0,477.8647944430661,0
11,477.0006067824765,0,477.5153693789148,0,477.5605119067655,0
12,476.5402392359564,0,477.1290893788527,0,477.199914341967,0
13,476.0142186334973,0,476.6760120454608,0,476.7836161861582,0
14,475.425295565168,0,476.1582327662928,0,476.3061816278341,0
15,474.7767793439501,0,475.5778470506572,0,475.7641742998543,0
16,474.0730861981754,0,474.937174321263,0,475.1600139586491,0
17,473.3206313404301,0,474.2389899966425,0,474.4965909778323,0
18,472.5282870304802,0,473.4869664500762,0,473.7776580806012,0
19,471.7017105710343,0,472.6854176273816,0,473.0076069915522,0
20,470.8450486843019,0,471.8386912259152,0,472.1908584949106,0
21,469.9616600743681,0,470.9509894810495,0,471.3316866641303,0
22,469.0544312655041,0,470.0263371223794,0,470.4341532212246,0
23,468.1259350053193,0,469.0684950399527,0,469.5020870758759,0
24,467.1785173476573,0,468.0810179062456,0,468.5390848821904,0
25,466.2143509768247,0,467.0672417315085,0,467.5485208145303,0
26,465.2354691120449,0,466.0302818731524,0,466.5335594726642,0
27,464.2437866087419,0,464.9730756249931,0,465.4971687411186,0
28,463.2411122491246,0,463.8983850591483,0,464.4421309684594,0
29,462.229154850499,0,462.8087600826652,0,463.3710516941071,0
30,461.2095249604498,0,461.7066384485491,0,462.286365659949,0
31,460.183733382432,0,460.5942302560736,0,461.1903401570112,0
32,459.1531874576015,0,459.4736408144958,0,460.0850759532873,0
33,458.119185829058,0,458.3467575224642,0,458.9725061723796,0
34,457.0829122822169,0,457.2153435276001,0,457.8543935686781,0
35,456.0454291619386,0,456.0809462055034,0,456.7323266876337,0
36,455.0076707971779,0,454.9449866434308,0,455.6077154171168,0
37,453.9704373068363,0,453.8086424725159,0,454.4817864322844,0
38,452.9343891100607,0,452.6729737700272,0,453.355579014698,0
39,451.9000424163519,0,451.5387759940934,0,452.2299416885667,0
40,450.8677659234615,0,450.4067322756962,0,451.1055300648814,0
41,449.8377789031751,0,449.2772490809392,0,449.9828062198552,0
42,448.810150806458,0,448.1506301934629,0,448.8620398602035,0
43,447.7848024705707,0,447.0269056116069,0,447.7433114468505,0
44,446.7615089623697,0,445.9059880439364,0,446.6265173636029,0
45,445.7399040451542,0,444.7875826239887,0,445.5113771291784,0
46,444.7194862121875,0,443.6712075768865,0,444.397442537212,0
47,443.6996261895479,0,442.5563004297454,0,443.2844779202954,0
48,442.6795757752785,0,441.4420364985567,0,442.179699150216,0
49,441.6584778517369,0,440.3276065167591,0,441.0885194831794,0
50,440.6353773842965,0,439.2119510567711,0,440.011482316407,0
51,439.6092332024784,0,438.0939941049307,0,438.9473284349012,0
52,438.5789303494182,0,436.9725839528896,0,437.894071511583,0
53,437.5432927821046,0,435.8463886378908,0,436.8494677828148,0
54,436.501096207837,0,434.7142378218178,0,435.8110068589646,0
55,435.4510808511774,0,433.574668744387,0,434.7761634128295,0
56,434.3919639596589,0,432.42641816291,0,433.7424590887215,0
57,433.3224518747982,0,431.2681312557493,0,432.707448736683,0
58,432.2412515165399,0,430.0982976189855,0,431.6687941905595,0
59,431.1470811532309,0,428.9159199533944,0,430.6242592805273,0
60,430.038680354552,0,427.7191225956649,0,429.5717172845125,0
61,428.9148190506059,0,426.5074803915378,0,428.5091661340599,0
62,427.7743056457136,0,425.2789402509362,0,427.4347195699049,0
63,426.6159941596927,0,424.0329151398989,0,426.3466145275061,0
64,425.4387903917801,0,422.7679707756878,0,425.2432206560076,0
65,424.241657122546,0,421.4832327742573,0,424.1229999078645,0
66,423.0236183866278,0,420.177733723539,0,422.9845717090776,0
67,421.783762863848,0,418.8504930944146,0,421.8266420844187,0
68,420.5212464480271,0,417.5008239622062,0,420.6480270926729,0
69,419.2352940616895,0,416.1278576545945,0,419.4476564388683,0
70,417.9252007909701,0,414.7310130031441,0,418.2245788146319,0
71,416.590332418569,0,413.3096704613693,0,416.9779291585569,0
72,415.2301254338484,0,411.8632914825825,0,415.7069324704973,0
73,413.8440865983825,0,410.3914933234597,0,414.4109258235613,0
74,412.4317921428423,0,408.8938289571141,0,413.0893222163286,0
75,410.9928866673071,0,407.3700652150144,0,411.7416167697064,0
76,409.5270818122618,0,405.8199192834168,0,410.3674019126971,0
77,408.0341547620435,0,404.2432476827515,0,408.9663215940847,0
78,406.513946636507,0,402.6399554975881,0,407.5381184949491,0
79,404.9663608205482,0,401.0099751708696,0,406.0825999796797,0
80,403.391361274988,0,399.353365768806,0,404.5996382422068,0
81,401.788970866393,0,397.6701621775766,0,403.0891649605586,0
82,400.1592697477993,0,395.9605446720794,0,401.5512030897035,0
83,398.5023938171423,0,394.2246617366989,0,399.9857993035135,0
84,396.8185332755156,0,392.4627975653647,0,398.3930795097594,0
85,395.1079313032182,0,390.6752138216829,0,396.7732252263154,0
86,393.370882867971,0,388.8622887554092,0,395.1264574379643,0
87,391.6077336765393,0,387.0243951672484,0,393.4530652409307,0
88,389.8188792784352,0,385.1620045462221,0,391.7533965866358,0
89,388.0047643281645,0,383.2755871023293,0,390.0278118620275,0
90,386.1658820106983,0,381.3657135097224,0,388.2767773107065,0
91,384.3027736333329,0,379.4329500890921,0,386.5007457805563,0
92,382.416028385803,0,377.4779652692098,0,384.7002784266452,0
93,380.5062832693813,0,375.5014192608272,0,382.8759326521993,0
94,378.5742231945524,0,373.5040697163594,0,381.0283586065295,0
95,376.6205812457198,0,371.4866919340825,0,379.1582117901967,0
96,374.6461391100976,0,369.450117709341,0,377.2662474458956,0
97,372.6517276664475,0,367.3952514887737,0,375.3532085750065,0
98,370.6382277275216,0,365.3230019511814,0,373.4199568179553,0
99,368.6065709278972,0,363.234382802694,0,371.4673297139485,0
100,366.5577407462997,0,361.1304294409856,0,369.4962962681777,0
101,364.492773648419,0,359.0122452004302,0,367.5077945044919,0
102,362.4127603326318,0,356.8809913788054,0,365.5029056892232,0
103,360.3188470569127,0,354.7378896932694,0,363.4826816336297,0
104,358.212237020547,0,352.5842304344175,0,361.4482976516467,0
105,356.0941917691228,0,350.4213615843695,0,359.4009567699348,0
106,353.9660325856999,0,348.2507165474736,0,357.3419030063382,0
107,351.8291418251485,0,346.073789097734,0,355.2725183755221,0
108,349.6849641425587,0,343.8921540460738,0,353.194129826221,0
109,347.5350075605081,0,341.7074583805368,0,351.1082744041478,0
110,345.3808443140531,0,339.5214420464704,0,349.0164202424754,0
111,343.2241114068141,0,337.3359234795922,0,346.9201858285755,0
112,341.0665108067777,0,335.1528132436129,0,344.8212658836723,0
113,338.9098092066741,0,332.9741231838976,0,342.7213112718584,0
114,336.7558372714145,0,330.8019578495258,0,340.6222550018376,0
115,334.6064882943356,0,328.6385201820839,0,338.5258421086283,0
116,332.4637161853107,0,326.4860485091482,0,336.4341054513304,0
117,330.3295327173575,0,324.3469394238013,0,334.3490584965598,0
118,328.2060039645393,0,322.2236996795828,0,332.2726152771796,0
119,326.095245872882,0,320.1189658251275,0,330.2072431532229,0
120,323.9994189178267,0,318.0354768094956,0,328.1545555316874,0
121,321.920721816474,0,315.9760819752551,0,326.1176250239367,0
122,319.8613842804095,0,313.9437479778655,0,324.0978893466595,0
123,317.8236588150655,0,311.9415483871632,0,322.0982296792488,0
124,315.8098115939707,0,309.9726498037522,0,320.120641702047,0
125,313.8221124604335,0,308.0403370828899,0,318.1676270306344,0
126,311.8628241344982,0,306.147926398285,0,316.2415245007833,0
127,309.9341907287459,0,304.2988226316674,0,314.344574218918,0
128,308.038425701722,0,302.4964210315953,0,312.4792083808492,0
129,306.17769940163,0,300.7440122750152,0,310.6475600350871,0
130,304.3541263743784,0,299.0447853014819,0,308.8519165604733,0
131,302.5697526281551,0,297.4013934834724,0,307.0943782448795,0
132,300.8265430604768,0,295.8156725460577,0,305.3769625101162,0
133,299.1263692622655,0,294.287679765191,0,303.7016641223046,0
134,297.4709979162095,0,292.8115020214542,0,302.0702212552396,0
135,295.8620800029057,0,291.383101142117,0,300.4843806992389,0
136,294.301141017753,0,290.0039500393902,0,298.9456224286333,0
137,292.7895723841307,0,288.6753583541881,0,297.4553376060073,0
138,291.3286242242388,0,287.3984618421236,0,296.0147292184162,0
139,289.919399618511,0,286.1742136123123,0,294.6247841294229,0
140,288.5628504483874,0,285.0033773230145,0,293.2863675182969,0
141,287.2597748763288,0,283.8865224477884,0,292.0000692489393,0
142,286.0108164723203,0,282.8240216118212,0,290.7663725823487,0
143,284.816464948857,0,281.8160499095935,0,289.5854780031296,0
144,283.6770584176647,0,280.8625860299449,0,288.4574733974499,0
145,282.5927870322796,0,279.9634149336832,0,287.3821798961987,0
146,281.5636978318452,0,279.1181317550152,0,286.3592961421508,0
147,280.5897005535793,0,278.3261465342589,0,285.3882820741746,0
148,279.6705741342187,0,277.5866893379297,0,284.4684691045248,0
149,278.8059735734204,0,276.8988152854928,0,283.5989659283476,0
150,277.9954367825617,0,276.2614089823392,0,282.7787652782893,0
151,277.238390986903,0,275.6731878573745,0,282.0066428502742,0
152,276.5341581814768,0,275.1327039249686,0,281.2812657593823,0
153,275.8819590514879,0,274.6383435387067,0,280.6010820262856,0
154,275.2809146404756,0,274.188324787978,0,279.9644235185949,0
155,274.7300448569986,0,273.7806923217394,0,279.3694206906185,0
156,274.2282626030395,0,273.4133095938445,0,278.814033219113,0
157,273.7743617961988,0,273.0838488565348,0,278.296055519256,0
158,273.366996719092,0,272.7897797660566,0,277.8130361309215,0
159,273.0046487949576,0,272.5283583647835,0,277.3623665313346,0
160,272.6855743071005,0,272.2966198006141,0,276.941189395629,0
161,272.4077189198604,0,272.091381139159,0,276.5464463811454,0
162,272.1685617280108,0,271.9092664501247,0,276.1748918293131,0
163,271.9648031455625,0,271.7467788871701,0,275.8231657675968,0
164,271.7916479793838,0,271.6004855310032,0,275.4879852703929,0
165,271.6411095541157,0,271.4676402618999,0,275.1667547366542,0
166,271.5076945484893,0,271.3464257571158,0,274.8578338600715,0
167,271.3879643823989,0,271.2355890146982,0,274.5601463360817,0
168,271.2796728695551,0,271.1342058984159,0,274.2729633497384,0
169,271.181264016241,0,271.0415355339956,0,273.9957474817342,0
170,271.0915665297009,0,270.9569250882999,0,273.7280767936631,0
171,271.0095980188743,0,270.8797402757667,0,273.4695596204711,0
172,270.9344252765879,0,270.8093040937586,0,273.2197860020535,0
173,270.8650419881898,0,270.7448275520208,0,272.9782670170981,0
174,270.8002259545755,0,270.6853102233601,0,272.7443266914239,0
175,270.7383179906532,0,270.6293681354405,0,272.5169360969152,0
176,270.6767945566892,0,270.5748863955137,0,272.2943041720224,0
177,270.6112659121239,0,270.5181943354975,0,272.0731777344783,0
178,270.5325172276117,0,270.451623498839,0,271.8463542369738,0
179,270.4137952722034,0,270.3530197197852,0,271.5922173351216,0
180,270.0717208209987,0,270.0711015178014,0,271.1600728068464,0
