loop:1,season:59345965,P_air:4.814420447696936e-08,P_ice:0,P_rego:0.006999951855795522,T_sub:96.02094741176515
0,276.1246709319556,0,273.4313283347202,0,274.0679122409019,0
1,276.1120449351842,0,273.3254637153926,0,274.1502037948163,0
2,276.0741706914661,0,273.2070193716828,0,274.2206908372343,0
3,276.0110597395441,0,273.0752877782762,0,274.2797718113069,0
4,275.9227314470005,0,272.9293833496006,0,274.3274506480922,0
5,275.8092126131006,0,272.7686487452902,0,274.3629890879255,0
6,275.670537980155,0,272.5923203042819,0,274.3833467873019,0
7,275.5067497037078,0,272.3998368834354,0,274.3809204907148,0
8,275.3178977293496,0,272.1905821004926,0,274.3537734402599,0
9,275.1040397785757,0,271.9640818587602,0,274.3019141005294,0
10,274.8652410705826,0,271.7198683666927,0,274.2253583443652,0
11,274.6015743008641,0,271.4575412943333,0,274.1241294464936,0
12,274.3131200135454,0,271.1767723933716,0,273.998258470871,0
13,273.9999660502399,0,270.8772433114924,0,273.8477837346599,0
14,273.6622080521007,0,270.5586997348822,0,273.6727513253243,0
15,273.299949034414,0,270.2209233250572,0,273.4732146903578,0
16,272.9132994868669,0,269.8637277948457,0,273.2492347526141,0
17,272.5023773404539,0,269.4869620645823,0,273.0008798923395,0
18,272.0673079314834,0,269.0905111093756,0,272.7282259262594,0
19,271.6082239632622,0,268.6743010554247,0,272.4313560843487,0
20,271.125265466311,0,268.23823702317,0,272.1103609851202,0
21,270.6185798946329,0,267.7822502665894,0,271.7653387469316,0
22,270.0883215255405,0,267.3063736887399,0,271.3963944028826,0
23,269.5346525267391,0,266.8106120413947,0,271.0036409828103,0
24,268.957743957963,0,266.2949309931658,0,270.5871980883897,0
25,268.3616254238018,0,265.7595661339681,0,270.1473453213198,0
26,267.7547144725795,0,265.2055479506413,0,269.6852252469853,0
27,267.1411037455196,0,264.6345094346625,0,269.2025250004464,0
28,266.5232129676249,0,264.0481327737595,0,268.7010135977507,0
29,265.9026223139822,0,263.4480639460367,0,268.1823882493425,0
30,265.2803902755604,0,262.8358280017477,0,267.6482111374614,0
31,264.6572218694319,0,262.2127606397362,0,267.0998844795463,0
32,264.0335711353565,0,261.5800622306662,0,266.5386452945809,0
33,263.4097103621095,0,260.9387685408357,0,265.9655721647885,0
34,262.7857766824266,0,260.2897662369829,0,265.3815953839742,0
35,262.1618068568569,0,259.6338314931422,0,264.7875109552867,0
36,261.537762242007,0,258.9716214926266,0,264.1839944416406,0
37,260.9135486714663,0,258.3036463397206,0,263.5716157613344,0
38,260.289030907467,0,257.6303775636035,0,262.950852310641,0
39,259.6640439334747,0,256.952200651933,0,262.3221012286617,0
40,259.0384022691815,0,256.2694079795393,0,261.6856910449505,0
41,258.4119067091729,0,255.5822512023855,0,261.041891500002,0
42,257.7843504670325,0,254.8909472475831,0,260.39092312389,0
43,257.1555227380105,0,254.1956533997086,0,259.7329643322769,0
44,256.5252135319679,0,253.496479600981,0,259.0681597315963,0
45,255.8932150163828,0,252.7935669585831,0,258.396624777144,0
46,255.2593252796092,0,252.0869679497152,0,257.7184526394766,0
47,254.6233489642072,0,251.3767418613102,0,257.0337177027627,0
48,253.9850990296681,0,250.662980754516,0,256.3424799457827,0
49,253.3443980440174,0,249.9456662590767,0,255.6447886084746,0
50,252.7010790280806,0,249.2248659999813,0,254.9406851781654,0
51,252.0549853751156,0,248.500621961134,0,254.2302052327931,0
52,251.4059723910264,0,247.7728981349226,0,253.5133817027383,0
53,250.7539068882208,0,247.0418093156891,0,252.7902460019148,0
54,250.098666991404,0,246.3072897533752,0,252.0608292035212,0
55,249.4401431049864,0,245.5694056992517,0,251.3298410332676,0
56,248.7782369530259,0,244.8282372260954,0,250.6045113802486,0
57,248.1128607927938,0,244.0836737067091,0,249.886718384349,0
58,247.4439392555236,0,243.3359620451369,0,249.1770699063538,0
59,246.7714053621329,0,242.584951954457,0,248.4753694925552,0
60,246.0952016650765,0,241.8305757012479,0,247.7810085682016,0
61,245.4152776534792,0,241.073431779041,0,247.0933296552559,0
62,244.7315875284964,0,240.3130106957753,0,246.4114281779366,0
63,244.0440855265806,0,239.5494630579049,0,245.7345748311498,0
64,243.3527198110829,0,238.7830105404506,0,245.0618445822919,0
65,242.6574226791289,0,238.0134681620749,0,244.3925139686706,0
66,241.9580932274903,0,237.2410271772065,0,243.7257090359294,0
67,241.2545659736634,0,236.4660062453921,0,243.0606836411869,0
68,240.5465649876624,0,235.6891474859248,0,242.3965157312467,0
69,239.8336291402149,0,234.9114601144345,0,241.7322303711155,0
70,239.1151021096356,0,234.1335218122105,0,241.0666541664649,0
71,238.3911638227426,0,233.3581365801425,0,240.3995066839155,0
72,237.6872138667704,0,232.6120595916629,0,239.7557257114556,0
73,236.9358165740684,0,231.831452128272,0,239.0665310779882,0
74,235.9419420591997,0,230.8317284246501,0,238.1343004084702,0
75,234.6594207826621,0,229.4423701015438,0,236.907699663913,0
76,233.0205268506854,0,227.1058146436234,0,235.3097326776174,0
77,230.9401141125774,0,224.1946964520764,0,233.2562040365267,0
78,227.9015970483761,0,220.8049828933441,0,230.9191022240884,0
79,224.5646727441795,0,217.4058106424213,0,228.3658929058888,0
80,221.2578050841832,0,214.039156962019,0,225.1476231729231,0
81,217.984419433654,0,210.7085072613939,0,221.9642372911559,0
82,214.7482309103925,0,207.4176651846908,0,218.8192770410661,0
83,211.5533125988014,0,204.1708063085129,0,215.7166106680389,0
84,208.4041921473663,0,200.9725173131044,0,212.6604917244507,0
85,205.3059928796943,0,197.82802050745,0,209.6559193869655,0
86,202.2646547396975,0,194.7433590355028,0,206.708608131226,0
87,199.287307838441,0,191.7257450571823,0,203.8255527684537,0
88,196.3829876279171,0,188.7843100474537,0,201.0155968013952,0
89,193.5643198924142,0,185.9317707634084,0,198.2912311232419,0
90,190.854365228166,0,183.1913079381487,0,195.6753895227869,0
91,188.2932873748649,0,180.6031781493991,0,193.2080731595679,0
92,185.8425150885569,0,178.1289332193624,0,190.850595945598,0
93,183.4805795541692,0,175.7472189197475,0,188.5813672166048,0
94,181.1964451521883,0,173.4471455566139,0,186.3892270521137,0
95,178.9826643008428,0,171.2213735859779,0,184.2666295417939,0
96,176.8336916048681,0,169.0645378483872,0,182.2079311460948,0
97,174.7451675626032,0,166.9723844596468,0,180.2086361771705,0
98,172.7135437725973,0,164.9415881971216,0,178.2651151552244,0
99,170.7358614624948,0,162.9693040946198,0,176.3743212765836,0
100,168.809608065618,0,161.0532171141087,0,174.5336309206091,0
101,166.9326186173206,0,159.1912974457296,0,172.7407892620665,0
102,165.103004751494,0,157.3818571635549,0,170.9938283731886,0
103,163.3190992570037,0,155.62343813968,0,169.2909876491595,0
104,161.579409135431,0,153.9147926588815,0,167.6306661618352,0
105,159.8825656541398,0,152.2548530854366,0,166.0114483001308,0
106,158.2272342234341,0,150.6425425523231,0,164.4318841470468,0
107,156.6116320727018,0,149.0764089552407,0,162.8901038278975,0
108,155.032563914404,0,147.5535862582705,0,161.3828693086099,0
109,153.4852029743702,0,146.069622620197,0,159.9052114252146,0
110,151.9680698729539,0,144.6234232284931,0,158.4556022467699,0
111,150.4823361148669,0,143.2165879477775,0,157.035140790873,0
112,149.0278122329829,0,141.8494060793782,0,155.6434918269319,0
113,147.5962541853762,0,140.5140851115706,0,154.2724150857844,0
114,146.1859703045297,0,139.209501630575,0,152.9200380582903,0
115,144.8093501389717,0,137.9485390308896,0,151.5987030158066,0
116,143.4673132421001,0,136.7327715475989,0,150.3092828732837,0
117,142.1600652429092,0,135.5628990199794,0,149.0517483893267,0
118,140.887622897095,0,134.4396633627704,0,147.8262353479124,0
119,139.6499195122039,0,133.363438790915,0,146.6323645940143,0
120,138.4468724558801,0,132.3348410451529,0,145.469828016813,0
121,137.2785179841861,0,131.3542122937203,0,144.3392020125196,0
122,136.1452898962094,0,130.4223646008544,0,143.240152260475,0
123,135.0469833765867,0,129.5390390769896,0,142.172470199642,0
124,133.9833992924106,0,128.7035230231617,0,141.1360374854951,0
125,132.9543529312606,0,127.9143050207445,0,140.1303146010272,0
126,131.9597089910473,0,127.1675833109056,0,139.155160002886,0
127,130.9993220439934,0,126.455095275091,0,138.2102277821253,0
128,130.0730842980609,0,125.7745060337393,0,137.2952008976237,0
129,129.1808971966313,0,125.1254554317332,0,136.4098963274476,0
130,128.3226672561552,0,124.5075730550039,0,135.5539415164543,0
131,127.4983074398769,0,123.9204782200901,0,134.7271035699426,0
132,126.7077306988265,0,123.3637720126963,0,133.9290660356034,0
133,125.9508638327445,0,122.8370495248793,0,133.1594823493198,0
134,125.2276188840889,0,122.3398695060626,0,132.4180685740677,0
135,124.5379128053823,0,121.8717721713194,0,131.7044248176933,0
136,123.8816589366287,0,121.4322687170365,0,131.0181687981024,0
137,123.2587438086405,0,121.0208160804565,0,130.3588944937274,0
138,122.669052788444,0,120.6368404917513,0,129.7261030362074,0
139,122.1124672567952,0,120.2797325625059,0,129.1193130124616,0
140,121.5888327747079,0,119.9488134450472,0,128.5379791401454,0
141,121.0979832077255,0,119.6433571426053,0,127.9814739688902,0
142,120.6397001956254,0,119.3625485236519,0,127.4491125179777,0
143,120.213756910567,0,119.1055262137495,0,126.940180569157,0
144,119.8198680851816,0,118.8713326841104,0,126.4538272560333,0
145,119.4577024265015,0,118.658928127648,0,125.9891622955498,0
146,119.126864417022,0,118.4671758151099,0,125.5452055642731,0
147,118.8268732313791,0,118.2948276622195,0,125.1208472844938,0
148,118.557166442961,0,118.1405391635668,0,124.7148981149065,0
149,118.317048254085,0,118.0028356633356,0,124.3260365453564,0
150,118.1056873209538,0,117.8801384998818,0,123.9528699829401,0
151,117.9220528563298,0,117.7707453083957,0,123.5938593158491,0
152,117.7648538951657,0,117.6728389217214,0,123.2473748257665,0
153,117.632483291147,0,117.584544126822,0,122.9117247111524,0
154,117.5227938820801,0,117.5038968062038,0,122.5851632816867,0
155,117.4328941020805,0,117.4290087946245,0,122.2659858200986,0
156,117.3582977223085,0,117.3581643411828,0,121.9527349407524,0
157,117.29042003917,0,117.2902906119814,0,121.6445242035121,0
158,117.2253449153723,0,117.2252169366816,0,121.341489514288,0
159,117.1630725191011,0,117.1629459265233,0,121.0438333091574,0
160,117.1035945457144,0,117.1034692770469,0,120.7518334700844,0
161,117.0469061266361,0,117.046782119785,0,120.4657116125158,0
162,116.9930202263947,0,116.9928974189787,0,120.1857751864592,0
163,116.9419384864664,0,116.9418168160669,0,119.912331736112,0
164,116.8936799508609,0,116.8935593546367,0,119.6457452516234,0
165,116.848258849772,0,116.8481392645642,0,119.3864336495159,0
166,116.8056983390158,0,116.8055797011508,0,119.1347834189854,0
167,116.7660217495206,0,116.7659039948053,0,118.8912572903203,0
168,116.72927082719,0,116.7291538905021,0,118.6563382218248,0
169,116.6954898395434,0,116.6953736547792,0,118.4305607423821,0
170,116.6646721391975,0,116.664556640397,0,118.2144217415785,0
171,116.6368114251194,0,116.6366965464651,0,118.0084660558278,0
172,116.6119020186093,0,116.6117876944083,0,117.813293475635,0
173,116.5899388566608,0,116.5898250213335,0,117.6294811738007,0
174,116.5709174860631,0,116.5708040741285,0,117.4577282401755,0
175,116.5548267228752,0,116.5547136691011,0,117.2986576607702,0
176,116.5416633088129,0,116.5415505480403,0,117.1530659703853,0
177,116.5314319230598,0,116.5313193900253,0,117.0216025461831,0
178,116.524123165739,0,116.5240107953887,0,116.9051394158156,0
179,116.5197429039893,0,116.5196306311397,0,116.8042858394196,0
180,116.5182828175558,0,116.5181705776004,0,116.719901056956,0
