loop:1,season:59346150,P_air:4.814705991821023e-08,P_ice:0,P_rego:0.006999951852940082,T_sub:96.02111573391107
0,276.1225051200509,0,273.4310720885815,0,274.0639455059242,0
1,276.1098794559236,0,273.3252486011825,0,274.1463034355395,0
2,276.0720062100465,0,273.2068423570222,0,274.2168546743313,0
3,276.0088969208577,0,273.0751460144278,0,274.27599753564,0
4,275.9205709554217,0,272.9292742201786,0,274.323735925941,0
5,275.8070551123032,0,272.7685698082144,0,274.3593317574397,0
6,275.6683841328892,0,272.592269321674,0,274.3797454646342,0
7,275.5046001716176,0,272.3998117703273,0,274.3773757696855,0
8,275.3157531727601,0,272.1905809412834,0,274.350286406183,0
9,275.1019008562816,0,271.9641028718076,0,274.2984858211317,0
10,274.8631084396563,0,271.7199099045574,0,274.2219898694705,0
11,274.5994486164652,0,271.4576018279619,0,274.1208218077118,0
12,274.3110019286995,0,271.1768504951353,0,273.9950126812633,0
13,273.9978562156598,0,270.8773376544519,0,273.8446007884494,0
14,273.6601071159664,0,270.5588090779286,0,273.6696321975721,0
15,273.2978576421851,0,270.2210465053429,0,273.470160336675,0
16,272.9112182810845,0,269.863863721263,0,273.2462461088697,0
17,272.5003069605445,0,269.4871097104069,0,272.9979578743751,0
18,272.0652490135629,0,269.0906695046797,0,272.7253714296086,0
19,271.6061771399414,0,268.6744692781444,0,272.4285699839639,0
20,271.1232313665019,0,268.238414206484,0,272.107644135105,0
21,270.6165591433453,0,267.782435593937,0,271.7626919802687,0
22,270.0863147437232,0,267.3065663688988,0,271.3938185312118,0
23,269.5326603310354,0,266.8108113178354,0,271.0011367961258,0
24,268.9557671153075,0,266.2951361564896,0,270.584766355333,0
25,268.359676592929,0,265.7597771675361,0,270.1449874635225,0
26,267.7528020006808,0,265.20576613113,0,269.6829439216117,0
27,267.1392323333897,0,264.6347363743758,0,269.2003231575862,0
28,266.5213858003866,0,264.0483700991086,0,268.6988941501943,0
29,265.9008416635786,0,263.4483131523328,0,268.1803539366061,0
30,265.2786577923958,0,262.8360903889839,0,267.6462644651654,0
31,264.6555387530804,0,262.2130372974286,0,267.0980276964443,0
32,264.0319382453974,0,261.5803540274584,0,266.5368803899191,0
33,263.408128294826,0,260.9390761345873,0,265.9639008766962,0
34,262.7842458263945,0,260.2900900894001,0,265.3800192138114,0
35,262.1603274344657,0,259.6341718807003,0,264.7860311847537,0
36,261.5363343412802,0,258.9719785243374,0,264.182612150874,0
37,260.9121722708275,0,258.3040199859481,0,263.5703318468004,0
38,260.2877058953509,0,257.6307676590585,0,262.9496675022596,0
39,259.6627701240341,0,256.9526069132153,0,262.3210161058054,0
40,259.0371794149511,0,256.2698300262551,0,261.6847060511109,0
41,258.4107345114003,0,255.5826885657499,0,261.0410069561296,0
42,257.7832285840989,0,254.8913993785813,0,260.3901392403595,0
43,257.1544507924253,0,254.1961196844534,0,259.7322812196521,0
44,256.5241911160559,0,253.4969593737296,0,259.0675774101131,0
45,255.8922416971018,0,252.7940594943836,0,258.3961431852227,0
46,255.2584006024439,0,252.087472489199,0,257.7180716411306,0
47,254.6224724564857,0,251.3772576105365,0,257.0334370942103,0
48,253.9842702032999,0,250.6635068783199,0,256.3422994612382,0
49,253.3436163977563,0,249.9462019122517,0,255.6447079252183,0
50,252.7003440494039,0,249.2254103070378,0,254.9407039209901,0
51,252.0542965418374,0,248.5011740253485,0,254.2303229779543,0
52,251.4053291725568,0,247.7734570614123,0,253.5135979813362,0
53,250.7533087466558,0,247.0423741743311,0,252.790560302907,0
54,250.0981133824536,0,246.3078596286855,0,252.0612409763935,0
55,249.4396334786759,0,245.5699796583718,0,251.3303484623323,0
56,248.7777707543379,0,244.8288143176255,0,250.6051107255175,0
57,248.1124374622538,0,244.0842530130906,0,249.8874053891772,0
58,247.4435582295397,0,243.3365425914211,0,249.1778401337619,0
59,246.7710660735536,0,242.5855328144953,0,248.4762185384689,0
60,246.0949035435783,0,241.8311559781223,0,247.7819321719276,0
61,245.4150201260846,0,241.0740104317524,0,247.0943237141095,0
62,244.7313700201997,0,240.3135868313665,0,246.4124888134991,0
63,244.0439074612792,0,239.5500357584679,0,245.735698343762,0
64,243.3525806129315,0,238.7835788436578,0,245.0630275018306,0
65,242.6573217746069,0,238.0140311653272,0,244.3937529991976,0
66,241.9580300487721,0,237.2415839330047,0,243.727001089575,0
67,241.2545399643858,0,236.4665557162314,0,243.0620257931557,0
68,240.5465756122149,0,235.6896884129625,0,242.3979052460872,0
69,239.8336758987988,0,234.9119909133785,0,241.7336646828583,0
70,239.1151845540695,0,234.1340406507891,0,241.0681308951372,0
71,238.3912814922362,0,233.3586409485015,0,240.4010235562853,0
72,237.6873643322969,0,232.6125446790816,0,239.7572786053192,0
73,236.9360026400173,0,231.831917437289,0,239.0681214568415,0
74,235.9421816612018,0,230.8321858725279,0,238.135945548777,0
75,234.6597354413223,0,229.4430331125559,0,236.9094217819927,0
76,233.0209433442136,0,227.1065708076668,0,235.3115616805972,0
77,230.9406658285647,0,224.1955824964991,0,233.2581761906475,0
78,227.9024374828049,0,220.8059201363124,0,230.9211130942059,0
79,224.5655595990519,0,217.4067451673587,0,228.368048026575,0
80,221.2587368475931,0,214.0400869899437,0,225.1498173549854,0
81,217.9853945241956,0,210.7094309521906,0,221.9664678402506,0
82,214.7492476711735,0,207.4185806249307,0,218.8215412215047,0
83,211.554369289934,0,204.1717115007559,0,215.7189057018507,0
84,208.4052869362987,0,200.9734101749439,0,212.6628147961191,0
85,205.3071238283946,0,197.8288988501197,0,209.6582675995883,0
86,202.2658197869118,0,194.744220544963,0,206.7109785098318,0
87,199.2885047736307,0,191.7265872721383,0,203.8279422153134,0
88,196.3842140492714,0,188.7851303141648,0,201.018002065837,0
89,193.5655731273514,0,185.9325661569169,0,198.293648710385,0
90,190.8556421014804,0,183.1920750240327,0,195.6778154600455,0
91,188.2945838284398,0,180.6039126087617,0,193.2105026237848,0
92,185.8438279343138,0,178.1296315955204,0,190.8530250064988,0
93,183.4819060937894,0,175.7478782393192,0,188.5837924579793,0
94,181.1977829452823,0,173.4477630908206,0,186.3916453405268,0
95,178.9840110854823,0,171.2219467786782,0,184.2690379417945,0
96,176.8350452556408,0,169.0650642588173,0,182.2103268782976,0
97,174.746526064611,0,166.972861751528,0,180.2110166002037,0
98,172.7149052037963,0,164.9420140962714,0,178.2674777367117,0
99,170.7372239809655,0,162.9696763985195,0,176.3766635819147,0
100,168.8109699000282,0,161.0535487673227,0,174.5359506082303,0
101,166.9339780595854,0,159.1916677545803,0,172.7430840717978,0
102,165.1043601510183,0,157.3822640154081,0,170.9960961183749,0
103,163.3204490161618,0,155.623879415687,0,169.293226215053,0
104,161.5807517060956,0,153.9152662225981,0,167.6328735051643,0
105,159.8838995353276,0,152.2553567684885,0,166.0136224341102,0
106,158.2285579609628,0,150.6430741626356,0,164.434023155228,0
107,156.6129442695914,0,149.0769662718986,0,162.8922058687173,0
108,155.0338632627499,0,147.5541670632577,0,161.3849326380576,0
109,153.4864882921014,0,146.0702247252507,0,159.907234454215,0
110,151.9693400297782,0,144.624044398584,0,158.4575834476151,0
111,150.4835899737321,0,143.2172258330177,0,157.0370786435649,0
112,149.0290486808518,0,141.8500582348726,0,155.6453848650613,0
113,147.5974723130103,0,140.5147491823802,0,154.2742620452422,0
114,146.1871692611588,0,139.2101751816504,0,152.9218377700366,0
115,144.8105288194022,0,137.9492192490047,0,151.6004540650746,0
116,143.4684705425867,0,136.7334554633713,0,150.3109838551702,0
117,142.1612000776371,0,135.5635835570234,0,149.053397964061,0
118,140.8887342030064,0,134.4403452940363,0,147.8278321720683,0
119,139.6510062515131,0,133.3641147994602,0,146.6339074121468,0
120,138.4479336171267,0,132.3355076711349,0,145.471315644128,0
121,137.2795525803313,0,131.3548660130913,0,144.3406331738809,0
122,136.1462969565822,0,130.4230018015151,0,143.2415258530319,0
123,135.0479619619508,0,129.5396561626127,0,142.1737851489449,0
124,133.9843484957571,0,128.7041165082993,0,141.1372927281637,0
125,132.9552718784803,0,127.9148716990378,0,140.131509175018,0
126,131.9605968409103,0,127.1681207389187,0,139.15629297445,0
127,131.0001779895512,0,126.4556026949902,0,138.2112982865848,0
128,130.0739075670973,0,125.77498315168,0,137.2962081406376,0
129,129.1816870528727,0,125.1259020102896,0,136.4108395592221,0
130,128.3234230007221,0,124.5079889162345,0,135.5548200722344,0
131,127.4990284128735,0,123.9208632488585,0,134.7279168425228,0
132,126.7084162812718,0,123.3641261604483,0,133.9298134928986,0
133,125.9515134484231,0,122.8373728134471,0,133.1601635434169,0
134,125.2282320023058,0,122.3401620324678,0,132.4186831257549,0
135,124.5384889435936,0,121.8720341125233,0,131.7049724416341,0
136,123.8821976636305,0,121.4325003352863,0,131.0186492987411,0
137,123.2592447487131,0,121.0210177295727,0,130.3593077654666,0
138,122.6695156254466,0,120.637012623277,0,129.7264490826435,0
139,122.112891738952,0,120.2798757323525,0,129.1195919422302,0
140,121.5892187208627,0,119.9489283212653,0,128.538191173724,0
141,121.0983305139874,0,119.6434445129939,0,127.9816194536486,0
142,120.6400088440628,0,119.3626093045726,0,127.4491919306154,0
143,120.2140269783557,0,119.1055614581455,0,126.940194520364,0
144,119.8200997566717,0,118.8713435906265,0,126.4537765081599,0
145,119.4578960073244,0,118.6589160491716,0,125.9890477624124,0
146,119.1270203516261,0,118.4671422669801,0,125.5450283180364,0
147,118.8269921250657,0,118.2947743295291,0,125.1206085668963,0
148,118.5572490893448,0,118.1404679060548,0,124.7145993387822,0
149,118.3170956714681,0,118.0027485176955,0,124.3256792974754,0
150,118.1057008001136,0,117.8800376762501,0,123.952456013779,0
151,117.9220340272208,0,117.7706331791063,0,123.5933905331705,0
152,117.7648048237377,0,117.6727179969838,0,123.2468532653702,0
153,117.6324066293282,0,117.5844170082865,0,122.9111524913564,0
154,117.5226931306243,0,117.5037661055332,0,122.5845425147114,0
155,117.4327741641551,0,117.4288769801401,0,122.2653184660237,0
156,117.3581669395958,0,117.3580334074942,0,121.9520224616719,0
157,117.2902906124083,0,117.2901611885959,0,121.6437666871036,0
158,117.225216937101,0,117.2250889617543,0,121.3406863226883,0
159,117.162945926935,0,117.1628193376703,0,121.0429837919265,0
160,117.1034692774532,0,117.1033440120692,0,120.7509520497357,0
161,117.0467821201878,0,117.0466581165921,0,120.4648790062992,0
162,116.9928974193788,0,116.9927746151914,0,120.1849906308443,0
163,116.9418168164657,0,116.9416951492695,0,119.9115944041308,0
164,116.8935593550345,0,116.8934387619897,0,119.6450542443912,0
165,116.8481392649622,0,116.8480196829112,0,119.3857879841633,0
166,116.8055797015495,0,116.8054610668201,0,119.1341820368237,0
167,116.7659039952052,0,116.7657862436059,0,118.8906990410718,0
168,116.729153890904,0,116.7290369573138,0,118.6558218628375,0
169,116.6953736551797,0,116.6952574734965,0,118.4300849284074,0
170,116.664556640797,0,116.6644411450622,0,118.2139850231534,0
171,116.6366965468634,0,116.636581671261,0,118.0080668694015,0
172,116.6117876948053,0,116.6116733736438,0,117.8129301322945,0
173,116.5898250217292,0,116.5897111894305,0,117.629151864072,0
174,116.5708040745232,0,116.5706906656078,0,117.4574310088684,0
175,116.5547136694955,0,116.5546006187326,0,117.2983904215063,0
176,116.5415505484342,0,116.5414377906663,0,117.1528264710945,0
177,116.5313193904189,0,116.5312068603841,0,117.0213884010719,0
178,116.5240107957819,0,116.5238984284276,0,116.9049480566162,0
179,116.5196306315313,0,116.5195183616754,0,116.8041145726751,0
180,116.5181705775974,0,116.518058340635,0,116.7197470095854,0
