loop:1,season:59345780,P_air:0.05411275087925113,P_ice:0.02705554960018529,P_rego:0.01883169952056359,T_sub:165.0854515359497
0,301.4607910630728,0,301.0313178178627,0,301.2647284900382,0
1,301.4287082679272,0,300.9299734586791,0,301.2875578094371,0
2,301.3796017573621,0,300.8078263829365,0,301.289475487425,0
3,301.2995591039959,0,300.6545644513362,0,301.2601315944215,0
4,301.1876200329104,0,300.4695602742241,0,301.1988609942876,0
5,301.0437394308645,0,300.2528308234715,0,301.1056429667402,0
6,300.8679495262149,0,300.0044341311561,0,300.9804979545191,0
7,300.6602857427897,0,299.7244262849266,0,300.8234444567225,0
8,300.4207947148964,0,299.4128774042032,0,300.6345151425124,0
9,300.1495245149668,0,299.0698559080313,0,300.4137410854898,0
10,299.8465375915402,0,298.6954458633501,0,300.1611691122332,0
11,299.5119121301573,0,298.2897485584683,0,299.8768634049633,0
12,299.1457287073841,0,297.852867879402,0,299.560890873107,0
13,298.7480594680886,0,297.3848934787283,0,299.2133043419342,0
14,298.3190021115113,0,296.8859443162261,0,298.8341860967024,0
15,297.8586805902828,0,296.3608164537458,0,298.4236479242181,0
16,297.3672178473102,0,295.8168621734671,0,297.9817979520215,0
17,296.844732949962,0,295.2561554168292,0,297.5087378621982,0
18,296.2913612178539,0,294.6795208852567,0,297.0045876634503,0
19,295.7072568668623,0,294.0869885891393,0,296.4694877912274,0
20,295.0925808727856,0,293.478159695445,0,295.9035857531744,0
21,294.4474906454886,0,292.8525678212835,0,295.3070207447018,0
22,293.772166856495,0,292.2094984617582,0,294.6799600497058,0
23,293.0668028858419,0,291.5484316422923,0,294.0225833194474,0
24,292.3316117830211,0,290.8686321005967,0,293.3350721396191,0
25,291.5706803041077,0,290.1697495039972,0,292.6177628887334,0
26,290.7924424270863,0,289.4521579555033,0,291.8718570311228,0
27,290.0011028050799,0,288.7170161638905,0,291.0991354465721,0
28,289.1992685369713,0,287.9655251457531,0,290.3015022528542,0
29,288.3887304466595,0,287.1989782573053,0,289.4808123143889,0
30,287.5707753360436,0,286.418554791992,0,288.6388175441587,0
31,286.7463423339456,0,285.6253560970363,0,287.7771293359083,0
32,285.9161245969771,0,284.8204031438562,0,286.8972167372149,0
33,285.0806188533211,0,284.0045525319574,0,286.0003834634891,0
34,284.2401983150961,0,283.1785989666786,0,285.0878124012729,0
35,283.3951389579756,0,282.3432418653255,0,284.1652138561216,0
36,282.5456246239012,0,281.4990788426443,0,283.2407267183407,0
37,281.6917719014992,0,280.6466193921815,0,282.3171066119825,0
38,280.8336509553682,0,279.7863143879781,0,281.395749203884,0
39,279.9712964198813,0,278.9185613203696,0,280.4771504942019,0
40,279.104728986973,0,278.0436772406125,0,279.5613155880548,0
41,278.233939881016,0,277.161921069786,0,278.6481151532518,0
42,277.3588954579097,0,276.2735805810228,0,277.7370745976538,0
43,276.4795684601856,0,275.37888514163,0,276.8278777371343,0
44,275.5959136559779,0,274.4779548499899,0,275.9199323852877,0
45,274.7078873756584,0,273.571004191293,0,275.0128520660243,0
46,273.8154263236434,0,272.6581233360415,0,274.106060237943,0
47,272.9184262185406,0,271.7394068359008,0,273.1991248929714,0
48,272.0166569732219,0,270.8147736510124,0,272.2913949788675,0
49,271.109585770549,0,269.8838497673955,0,271.3820276096523,0
50,270.1963520754035,0,268.9458507195594,0,270.4697452774715,0
51,269.2764350940442,0,268.0002762179021,0,269.5536470184585,0
52,268.3502993910461,0,267.0477940951016,0,268.6340302167688,0
53,267.4185984826109,0,266.0892226258302,0,267.7113490516742,0
54,266.4815485391302,0,265.1247765904445,0,266.7855141560543,0
55,265.5395853741608,0,264.1549912519883,0,265.8567571103438,0
56,264.5932693699853,0,263.1806440326657,0,264.9255798931765,0
57,263.6422275934336,0,262.2012946778295,0,263.9913305234946,0
58,262.6860172657401,0,261.2165167325752,0,263.0533505696795,0
59,261.7248426570667,0,260.2265511045748,0,262.1116863281961,0
60,260.759866475758,0,259.2326342277565,0,261.1673780180293,0
61,259.7927015468825,0,258.2366616487399,0,260.2221232257834,0
62,258.8233534605458,0,257.238689283153,0,259.2758646103115,0
63,257.8503559392486,0,256.2370280355414,0,258.3267823409461,0
64,256.8730190610917,0,255.2310858087156,0,257.3741170778906,0
65,255.8906382492609,0,254.2205983804993,0,256.4174960169291,0
66,254.8994209838933,0,253.2015657423653,0,255.4528059312528,0
67,253.8939175369006,0,252.1686674621373,0,254.4746553909749,0
68,252.8665153360706,0,251.114137265826,0,253.4751336996384,0
69,251.8091688826122,0,250.0299277027731,0,252.4462114887079,0
70,250.7126413571491,0,248.9072512430213,0,251.3790822613334,0
71,249.5625494258701,0,247.7315397901862,0,250.2592591166224,0
72,248.3400155587288,0,246.4833183135057,0,249.0676795313152,0
73,247.0244743572873,0,245.1414453171319,0,247.7838841780538,0
74,245.595467219976,0,243.6843610073286,0,246.3878576853955,0
75,244.0334563653141,0,242.0907931924696,0,244.8608699901226,0
76,242.320839620348,0,240.3400391571804,0,243.1867052136382,0
77,240.4448196841917,0,238.413726187949,0,241.3547134634872,0
78,238.4038625598901,0,236.3023799867957,0,239.3667447844986,0
79,236.2180776069636,0,234.0153185559135,0,237.2483720250837,0
80,233.9357334984906,0,231.5930915904599,0,235.057191323097,0
81,231.6068441936049,0,229.0969326933142,0,232.8581986818793,0
82,229.2174986193982,0,226.6682735315805,0,230.6357990447206,0
83,226.7595192329269,0,224.2048971846467,0,228.2402247135297,0
84,224.0768042440783,0,221.5049393824412,0,225.596506643807,0
85,221.1062419221237,0,218.5043081275459,0,222.6512170908,0
86,217.9211691004003,0,215.2855614318543,0,219.4866883043908,0
87,214.6452313016906,0,211.9791135815586,0,216.2333202285982,0
88,211.382309055997,0,208.6900200172154,0,212.9961975736532,0
89,208.2005792457702,0,205.485337220476,0,209.8421727116096,0
90,205.14261325563,0,202.4072818998318,0,206.8135327139,0
91,202.228271497923,0,199.4767199430007,0,203.9310452641637,0
92,199.4479421861906,0,196.6828738183746,0,201.1838306252362,0
93,196.763681495153,0,193.9962727857023,0,198.5424919818147,0
94,193.9504464194476,0,191.2775758846956,0,195.8674856681282,0
95,189.4304120889923,0,187.1427433476737,0,191.9857067555004,0
96,177.5206279554953,0,165.0854950908816,61.74464297613027,180.306207485894,0
97,165.0854515359497,26.54786408880756,165.0854950908816,255.8072908590502,174.4727840129531,0
98,165.0854515359497,86.69729687566335,165.0854950908816,292.8321944994145,174.2573554026801,0
99,165.0854515359497,128.1181027837745,165.0854950908816,326.5679058065875,174.0393689606544,0
100,165.0854515359497,166.7775763513608,165.0854950908816,358.4063174920882,173.209812864341,0
101,165.0854515359497,203.9554579180496,165.0854950908816,389.4637215508784,171.2574791234385,0
102,165.0854515359497,241.0348441788641,165.0854950908816,420.9097095054981,166.1387146010511,0
103,165.0854515359497,278.2202865993101,165.0854950908816,452.6318965528654,165.0854950908816,41.73829553316544
104,165.0854515359497,315.1133223576669,165.0854950908816,484.1782969646387,165.0854950908816,88.40438942418912
105,165.0854515359497,351.4407854083093,165.0854950908816,515.274195587353,165.0854950908816,132.8154684749656
106,165.0854515359497,387.0696715940787,165.0854950908816,545.7789404541652,165.0854950908816,175.5965676616816
107,165.0854515359497,421.9340419462144,165.0854950908816,575.6240463987964,165.0854950908816,217.1138438532244
108,165.0854515359497,456.0033346454243,165.0854950908816,604.7731779004318,165.0854950908816,257.575919926239
109,165.0854515359497,489.2691163017926,165.0854950908816,633.2092025711653,165.0854950908816,297.0068112486117
110,165.0854515359497,521.7365759406157,165.0854950908816,660.9357617556334,165.0854950908816,335.4329273982032
111,165.0854515359497,553.4174855443005,165.0854950908816,687.9546124130144,165.0854950908816,372.8910880025212
112,165.0854515359497,584.326014169582,165.0854950908816,714.2800194925172,165.0854950908816,409.413662176704
113,165.0854515359497,614.4760680152824,165.0854950908816,739.9198279333056,165.0854950908816,445.0242701010526
114,165.0854515359497,643.8807843298065,165.0854950908816,764.8817220058518,165.0854950908816,479.7520295747595
115,165.0854515359497,672.5523704327297,165.0854950908816,789.1785916449479,165.0854950908816,513.6209337791281
116,165.0854515359497,700.5021839079722,165.0854950908816,812.8133589488208,165.0854950908816,546.6471889537144
117,165.0854515359497,727.7405155762762,165.0854950908816,835.7996768706574,165.0854950908816,578.8536879781084
118,165.0854515359497,754.2768362714993,165.0854950908816,858.138533590905,165.0854950908816,610.2548333403654
119,165.0854515359497,780.1205670655678,165.0854950908816,879.8421910513914,165.0854950908816,640.8654921969674
120,165.0854515359497,805.2799983671183,165.0854950908816,900.9157510077806,165.0854950908816,670.7026879815814
121,165.0854515359497,829.7636874524177,165.0854950908816,921.3658402749938,165.0854950908816,699.7756048305166
122,165.0854515359497,853.5791561255118,165.0854950908816,941.2003078232484,165.0854950908816,728.0992798390255
123,165.0854515359497,876.734274491295,165.0854950908816,960.4235305871244,165.0854950908816,755.6850898853121
124,165.0854515359497,899.2362745666511,165.0854950908816,979.0453393664852,165.0854950908816,782.5418845439865
125,165.0854515359497,921.092280772145,165.0854950908816,997.0675774680823,165.0854950908816,808.6842630210806
126,165.0854515359497,942.3095310713769,165.0854950908816,1014.501766935968,165.0854950908816,834.1177302971462
127,165.0854515359497,962.8949528972695,165.0854950908816,1031.350091125479,165.0854950908816,858.8547691930263
128,165.0854515359497,982.855676430603,165.0854950908816,1047.623277703959,165.0854950908816,882.9054188784933
129,165.0854515359497,1002.198589159024,165.0854950908816,1063.326122949486,165.0854950908816,906.2760945393155
130,165.0854515359497,1020.930392838464,165.0854950908816,1078.466697954,165.0854950908816,928.9796111388839
131,165.0854515359497,1039.058241877225,165.0854950908816,1093.053238387863,165.0854950908816,951.0196537733013
132,165.0854515359497,1056.588575118238,165.0854950908816,1107.091594389388,165.0854950908816,972.4094399222807
133,165.0854515359497,1073.528443866241,165.0854950908816,1120.592714048112,165.0854950908816,993.1553037189404
134,165.0854515359497,1089.8843826301,165.0854950908816,1133.561653938405,165.0854950908816,1013.263561280922
135,165.0854515359497,1105.663185141267,165.0854950908816,1146.011305200408,165.0854950908816,1032.74600549495
136,165.0854515359497,1120.871513719018,165.0854950908816,1157.94654429811,165.0854950908816,1051.604776173236
137,165.0854515359497,1135.516311094497,165.0854950908816,1169.382539924353,165.0854950908816,1069.853303172818
138,165.0854515359497,1149.604290083926,165.0854950908816,1180.325047405222,165.0854950908816,1087.492522740612
139,165.0854515359497,1163.142312095214,165.0854950908816,1190.791045467398,165.0854950908816,1104.534501789604
140,165.0854515359497,1176.137532396413,165.0854950908816,1200.789273244442,165.0854950908816,1120.984587308596
141,165.0854515359497,1188.597015354395,165.0854950908816,1210.338472452661,165.0854950908816,1136.84930052747
142,165.0854515359497,1200.527953562482,165.0854950908816,1219.453300957608,165.0854950908816,1152.136594928632
143,165.0854515359497,1211.938071681337,165.0854950908816,1228.15544704664,165.0854950908816,1166.850803189697
144,165.0854515359497,1222.83485360419,165.0854950908816,1236.46937067593,165.0854950908816,1181.001470763786
145,165.0854515359497,1233.22663748765,165.0854950908816,1244.426719647187,165.0854950908816,1194.590316885842
146,165.0854515359497,1243.121723915469,165.0854950908816,1252.077947524508,165.0854950908816,1207.628130051807
147,165.0854515359497,1252.529165671597,165.0854950908816,1259.50725422232,165.0854950908816,1220.116395499149
148,165.0854515359497,1261.458772075354,165.0854950908816,1266.735306022369,165.0854950908816,1232.064846507595
149,165.0854515359497,1269.921111133368,165.0854950908816,1273.762885345819,165.0854950908816,1243.477092884392
150,165.0854515359497,1277.927875202658,165.0854950908816,1280.590605667228,165.0854950908816,1254.359868127646
151,165.0854515359497,1285.492422757146,165.0854950908816,1287.219040695795,165.0854950908816,1264.719714585423
152,165.0854515359497,1292.629875035599,165.0854950908816,1293.64838941351,165.0854950908816,1274.560799613185
153,165.0854515359497,1299.358267947342,165.0854950908816,1299.878750527537,165.0854950908816,1283.891938909446
154,165.0854515359497,1305.699870852787,165.0854950908816,1305.910116144426,165.0854950908816,1292.716216365546
155,165.0854515359497,1311.683542392999,165.0854950908816,1311.742195579844,165.0854950908816,1301.044159998857
156,165.0854515359497,1317.351949988343,165.0854950908816,1317.374541978591,165.0854950908816,1308.878214134335
157,165.0854515359497,1322.784014879518,165.0854950908816,1322.806398451199,165.0854950908816,1316.230681127892
158,165.0854515359497,1328.011093277668,165.0854950908816,1328.033861569372,165.0854950908816,1323.101531026443
159,165.0854515359497,1333.049069460478,165.0854950908816,1333.073422039977,165.0854950908816,1329.522074085944
160,165.0854515359497,1337.969873192615,165.0854950908816,1337.995364766673,165.0854950908816,1335.569081985368
161,165.0854515359497,1342.786393192216,165.0854950908816,1342.811868679024,165.0854950908816,1341.272490199719
162,165.0854515359497,1347.469144265304,165.0854950908816,1347.494579125673,165.0854950908816,1346.616969813502
163,165.0854515359497,1352.000933897721,165.0854950908816,1352.025862930989,165.0854950908816,1351.604838099528
164,165.0854515359497,1356.347356241667,165.0854950908816,1356.372133490141,165.0854950908816,1356.225895305363
165,165.0854515359497,1360.499925297774,165.0854950908816,1360.524910973715,165.0854950908816,1360.501333329912
166,165.0854515359497,1364.457121129363,165.0854950908816,1364.481891617746,165.0854950908816,1364.478151097942
167,165.0854515359497,1368.196405222169,165.0854950908816,1368.220955013469,165.0854950908816,1368.217674381613
168,165.0854515359497,1371.709831042446,165.0854950908816,1371.734754307618,165.0854950908816,1371.731749523174
169,165.0854515359497,1374.996072079218,165.0854950908816,1375.021036266491,165.0854950908816,1375.01832214874
170,165.0854515359497,1378.046660600044,165.0854950908816,1378.071431411014,165.0854950908816,1378.068952386748
171,165.0854515359497,1380.84372923913,165.0854950908816,1380.868192663832,165.0854950908816,1380.866060241467
172,165.0854515359497,1383.372335874228,165.0854950908816,1383.396995703833,165.0854950908816,1383.395167461961
173,165.0854515359497,1385.631197711674,165.0854950908816,1385.656102975527,165.0854950908816,1385.654494120557
174,165.0854515359497,1387.613559765229,165.0854950908816,1387.638487544782,165.0854950908816,1387.637085599516
175,165.0854515359497,1389.308498933768,165.0854950908816,1389.3334650153,165.0854950908816,1389.332252280918
176,165.0854515359497,1390.707068829333,165.0854950908816,1390.732059637573,165.0854950908816,1390.731043519627
177,165.0854515359497,1391.802318160291,165.0854950908816,1391.827339891885,165.0854950908816,1391.82650047592
178,165.0854515359497,1392.589712025337,165.0854950908816,1392.614530271139,165.0854950908816,1392.61386835449
179,165.0854515359497,1393.084389504376,165.0854950908816,1393.108057837919,165.0854950908816,1393.107567001734
180,165.0854515359497,1393.511970617816,165.0854950908816,1393.528461769783,165.0854950908816,1393.528130570644
