loop:1,season:59347075,P_air:0.05411464600962441,P_ice:0.02705644545899103,P_rego:0.01882890853138456,T_sub:165.0857563915286
0,301.4447547361968,0,301.0201131801427,0,301.2440407051997,0
1,301.4126743164119,0,300.9192573838118,0,301.2673238940761,0
2,301.3635749230044,0,300.7976024443647,0,301.2697019142124,0
3,301.2835444138881,0,300.6448359180205,0,301.2408245412299,0
4,301.1716224133411,0,300.4603301537314,0,301.1800263863936,0
5,301.0277637669591,0,300.2441019370104,0,301.0872865509753,0
6,300.8520006937627,0,299.9962091460301,0,300.9626253307707,0
7,300.6443686182394,0,299.7167077252981,0,300.8060610879398,0
8,300.4049141710345,0,299.4056676446642,0,300.6176263472997,0
9,300.1336854257986,0,299.063157181723,0,300.3973520453245,0
10,299.8307448274421,0,298.6892602568927,0,300.1452848655118,0
11,299.4961705518716,0,298.2840780059599,0,299.8614888400838,0
12,299.1300431678621,0,297.8477141644234,0,299.5460307295863,0
13,298.7324348244258,0,297.3802582514321,0,299.1989632265925,0
14,298.3034432126472,0,296.8818290792379,0,298.8203684686738,0
15,297.8431922647443,0,296.3572145247148,0,298.4103580808337,0
16,297.3518049091565,0,295.8137542740074,0,297.9690400367168,0
17,296.8294002059857,0,295.2535187839039,0,297.4965158735623,0
18,296.2761134611229,0,294.6773314524951,0,296.9929054475794,0
19,295.6920988693104,0,294.0852223868274,0,296.458349033911,0
20,295.0775173850369,0,293.4767936032073,0,295.8929939794737,0
21,294.4325264055651,0,292.8515796836608,0,295.2969793317676,0
22,293.7573065778055,0,292.2088675502524,0,294.6704722114867,0
23,293.0520512564332,0,291.5481383395494,0,294.0136521049251,0
24,292.3169750969002,0,290.8686583023244,0,293.3267004592719,0
25,291.5562478547747,0,290.1700830309455,0,292.6099583234365,0
26,290.778273142916,0,289.4527968481465,0,291.8646358836176,0
27,289.9872311225768,0,288.7179618627293,0,291.09251627566,0
28,289.1857186624232,0,287.966780365184,0,290.2955036072017,0
29,288.3755203718014,0,287.2005457765197,0,289.4754517675615,0
30,287.5579187768473,0,286.4204370047557,0,288.6341112249182,0
31,286.7338498671873,0,285.6275547008474,0,287.7730917251243,0
32,285.9040043934555,0,284.8229189646058,0,286.8938605992593,0
33,285.0688771995683,0,284.0073855575642,0,285.9977198812948,0
34,284.2288399737855,0,283.1817482980306,0,285.0858508288126,0
35,283.384167441188,0,282.346705758817,0,284.1639541797912,0
36,282.5350424153822,0,281.5028547705227,0,283.2401549485028,0
37,281.681580627084,0,280.6507041114297,0,282.3172040936067,0
38,280.8238515157007,0,279.7907039851833,0,281.3964949080125,0
39,279.96188909995,0,278.9232512616283,0,280.4785225288333,0
40,279.0957135343646,0,278.0486624960512,0,279.5632920312243,0
41,278.2253155852986,0,277.1671961794692,0,278.6506742506224,0
42,277.3506612189516,0,276.2791395766233,0,277.7401953300446,0
43,276.4717228249186,0,275.38472165916,0,276.8315395589144,0
44,275.5884548713507,0,274.4840622988221,0,275.9241156812651,0
45,274.700813417531,0,273.5773755968273,0,275.0175378019478,0
46,273.8087349353685,0,272.66475153253,0,274.1112302668948,0
47,272.9121149473646,0,271.7462844094258,0,273.2047616564516,0
48,272.0107232366973,0,270.8218930834291,0,272.2974817258531,0
49,271.104027026744,0,269.8912035540441,0,271.3885483398127,0
50,270.1911660683682,0,268.9534316575025,0,270.4766850712752,0
51,269.2716197220195,0,268.0080773583306,0,269.5609918302716,0
52,268.3458521192297,0,267.0558080047333,0,268.641766084254,0
53,267.414516294584,0,266.0974413750967,0,267.719462073216,0
54,266.4778282950432,0,265.13319223315,0,266.7939908671481,0
55,265.536223635952,0,264.1635955595056,0,265.8655842172391,0
56,264.5902622398246,0,263.1894282403102,0,264.9347439707681,0
57,263.6395713613577,0,262.2102503832232,0,264.0008188039752,0
58,262.6837084321787,0,261.2256357847819,0,263.0631508669509,0
59,261.7228776124266,0,260.2358252922899,0,262.1217866618846,0
60,260.7582409933582,0,259.2420548037169,0,261.1777661410219,0
61,259.7914104051014,0,258.2462187772194,0,260.2327860751143,0
62,258.8223914113485,0,257.2483731401296,0,259.2867892614923,0
63,257.8497186105614,0,256.2468299205977,0,258.3379571504626,0
64,256.8727022574433,0,255.2409972583752,0,257.3855308600092,0
65,255.890637683803,0,254.2306105861156,0,256.4291373607725,0
66,254.8997341683322,0,253.2116720083988,0,255.464665667564,0
67,253.8945442686575,0,252.1788633447405,0,254.4867266583128,0
68,252.867458912346,0,251.1244220006165,0,253.4874134994399,0
69,251.8104359898454,0,250.0403041329479,0,252.4587003333865,0
70,250.7142421997872,0,248.9177255584985,0,251.3917839779478,0
71,249.564500518331,0,247.7421248527402,0,250.272183999668,0
72,248.3423419386571,0,246.4940363172635,0,249.0808464318226,0
73,247.0272101986432,0,245.1523284847788,0,247.7973207348556,0
74,245.598655672183,0,243.6954524531498,0,246.4015997001534,0
75,244.037149183588,0,242.1021476198602,0,244.8749604029893,0
76,242.3250965587713,0,240.3517243824689,0,243.2011922702799,0
77,240.4497068596264,0,238.4258253368685,0,241.3696473254248,0
78,238.409448062719,0,236.3149907061881,0,239.3821705236102,0
79,236.2244216700211,0,234.0285485720921,0,237.2643166703384,0
80,233.9428722958876,0,231.6070412185023,0,235.0736450039319,0
81,231.6147842699019,0,229.1112847059916,0,232.8751041101573,0
82,229.225920674942,0,226.6824546917489,0,230.6531077149131,0
83,226.7680131597106,0,224.2188599802785,0,228.2574963264027,0
84,224.0854037751342,0,221.5187212178411,0,225.6136951559502,0
85,221.1149940855518,0,218.5179558510079,0,222.6683678185462,0
86,217.9301013392549,0,215.2990998037982,0,219.5038247433013,0
87,214.6543471286061,0,211.9925424733394,0,216.2504409531289,0
88,211.3915971187819,0,208.7033248252417,0,213.0132865902722,0
89,208.21002096807,0,205.4984965881282,0,209.8592075127949,0
90,205.1521851645563,0,202.4202698310503,0,206.8304860031558,0
91,202.2379468901892,0,199.4895067104764,0,203.9478861043492,0
92,199.4576957782789,0,196.6954327291062,0,201.200531210749,0
93,196.7734734788295,0,194.0085700299244,0,198.5590172385442,0
94,193.9601231939682,0,191.2894842291539,0,195.8837073402591,0
95,189.4396824133326,0,187.1540576183059,0,192.001119275202,0
96,177.5319391216198,0,165.0857999368126,61.43026580985985,180.3223053706844,0
97,165.0857563915286,26.46097094181316,165.0857999368126,255.7717442686465,174.4805732184574,0
98,165.0857563915286,86.63884846018429,165.0857999368126,292.8024450548124,174.2649572086801,0
99,165.0857563915286,128.0624050368893,165.0857999368126,326.5439979426981,174.0467787237884,0
100,165.0857563915286,166.7246694254371,165.0857999368126,358.3882938644205,173.2178903100347,0
101,165.0857563915286,203.9053810007449,165.0857999368126,389.451623022546,171.2678095601983,0
102,165.0857563915286,240.987635467544,165.0857999368126,420.9035751347719,166.1557835337325,0
103,165.0857563915286,278.1759832752649,165.0857999368126,452.6317635812763,165.0857999368126,41.62721554599209
104,165.0857563915286,315.0719605600684,165.0857999368126,484.1842008056332,165.0857999368126,88.29830619558311
105,165.0857563915286,351.4024002078473,165.0857999368126,515.286169815506,165.0857999368126,132.714449691848
106,165.0857563915286,387.0342969662129,165.0857999368126,545.7970167949527,165.0857999368126,175.5006794682944
107,165.0857563915286,421.9017107439678,165.0857999368126,575.6482547189321,165.0857999368126,217.0231508309822
108,165.0857563915286,455.9740785716413,165.0857999368126,604.8035461987687,165.0857999368126,257.4904850740571
109,165.0857563915286,489.2429658807723,165.0857999368126,633.2457569701676,165.0857999368126,296.9266959637156
110,165.0857563915286,521.7135604890271,165.0857999368126,660.9785264934192,165.0857999368126,335.3581914574269
111,165.0857563915286,553.3976331412711,165.0857999368126,688.0036098359724,165.0857999368126,372.8217895440983
112,165.0857563915286,584.3093516258448,165.0857999368126,714.3352700484999,165.0857999368126,409.3498576825583
113,165.0857563915286,614.4626208412471,165.0857999368126,739.9813501654002,165.0857999368126,444.9660143795932
114,165.0857563915286,643.8705767024119,165.0857999368126,764.9495325467323,165.0857999368126,479.6993757441854
115,165.0857563915286,672.5454251609117,165.0857999368126,789.2527052118089,165.0857999368126,513.5739332512484
116,165.0857563915286,700.4985223965641,165.0857999368126,812.8937883388941,165.0857999368126,546.6058914182869
117,165.0857563915286,727.740157788138,165.0857999368126,835.8864329573137,165.0857999368126,578.8181413877046
118,165.0857563915286,754.2798006876413,165.0857999368126,858.2316253203415,165.0857999368126,610.2250838957634
119,165.0857563915286,780.1268706430062,165.0857999368126,879.9415400013804,165.0857999368126,640.8415843330779
120,165.0857563915286,805.2896564941682,165.0857999368126,901.0204377829366,165.0857999368126,670.6846643539137
121,165.0857563915286,829.7767139010846,165.0857999368126,921.4749040359634,165.0857999368126,699.7635063021841
122,165.0857563915286,853.595563000596,165.0857999368126,941.3127459936808,165.0857999368126,728.0931454682993
123,165.0857563915286,876.7540721757734,165.0857999368126,960.538298621873,165.0857999368126,755.6849569137229
124,165.0857563915286,899.2594716628292,165.0857999368126,979.1613505818203,165.0857999368126,782.5477883849808
125,165.0857563915286,921.1188840380012,165.0857999368126,997.1837029346319,165.0857999368126,808.6962372492336
126,165.0857563915286,942.3395453514324,165.0857999368126,1014.617892402518,165.0857999368126,834.1358066379337
127,165.0857563915286,962.9283810472082,165.0857999368126,1031.466216592028,165.0857999368126,858.878977513162
128,165.0857563915286,982.8925192347422,165.0857999368126,1047.739403170508,165.0857999368126,882.9357871768301
129,165.0857563915286,1002.238845239584,165.0857999368126,1063.442248416035,165.0857999368126,906.3126489383178
130,165.0857563915286,1020.974058555406,165.0857999368126,1078.58282342055,165.0857999368126,929.0223758766697
131,165.0857563915286,1039.105311217201,165.0857999368126,1093.169363854412,165.0857999368126,951.0686511962593
132,165.0857563915286,1056.63903957094,165.0857999368126,1107.207719855937,165.0857999368126,972.4646904782634
133,165.0857563915286,1073.582292286089,165.0857999368126,1120.708839514661,165.0857999368126,993.216825951035
134,165.0857563915286,1089.941601080834,165.0857999368126,1133.677779404954,165.0857999368126,1013.331371821802
135,165.0857563915286,1105.723756720464,165.0857999368126,1146.127430666957,165.0857999368126,1032.820119061811
136,165.0857563915286,1120.935418358957,165.0857999368126,1158.062669764659,165.0857999368126,1051.685205563309
137,165.0857563915286,1135.583525334982,165.0857999368126,1169.498665390902,165.0857999368126,1069.940059259474
138,165.0857563915286,1149.674786811646,165.0857999368126,1180.441172871771,165.0857999368126,1087.585614470049
139,165.0857563915286,1163.216060242897,165.0857999368126,1190.907170933948,165.0857999368126,1104.633850739593
140,165.0857563915286,1176.214496593306,165.0857999368126,1200.905398710991,165.0857999368126,1121.089274083751
141,165.0857563915286,1188.677155517283,165.0857999368126,1210.45459791921,165.0857999368126,1136.958364288439
142,165.0857563915286,1200.611224413356,165.0857999368126,1219.569426424157,165.0857999368126,1152.249033099064
143,165.0857563915286,1212.024422173555,165.0857999368126,1228.271572513189,165.0857999368126,1166.965571224445
144,165.0857563915286,1222.924226233001,165.0857999368126,1236.58549614248,165.0857999368126,1181.117481979121
145,165.0857563915286,1233.318967452385,165.0857999368126,1244.542845113736,165.0857999368126,1194.706442352391
146,165.0857563915286,1243.216938088112,165.0857999368126,1252.194072991057,165.0857999368126,1207.744255518356
147,165.0857563915286,1252.627181307311,165.0857999368126,1259.623379688869,165.0857999368126,1220.232520965698
148,165.0857563915286,1261.559495170412,165.0857999368126,1266.851431488918,165.0857999368126,1232.180971974144
149,165.0857563915286,1270.024434286268,165.0857999368126,1273.879010812369,165.0857999368126,1243.593218350941
150,165.0857563915286,1278.033674747764,165.0857999368126,1280.706731133778,165.0857999368126,1254.475993594196
151,165.0857563915286,1285.600554778933,165.0857999368126,1287.335166162344,165.0857999368126,1264.835840051972
152,165.0857563915286,1292.740169542423,165.0857999368126,1293.764514880059,165.0857999368126,1274.676925079734
153,165.0857563915286,1299.470519724293,165.0857999368126,1299.994875994087,165.0857999368126,1284.008064375996
154,165.0857563915286,1305.813823417388,165.0857999368126,1306.026241610975,165.0857999368126,1292.832341832095
155,165.0857563915286,1311.798853670632,165.0857999368126,1311.858321046393,165.0857999368126,1301.160285465406
156,165.0857563915286,1317.468064901748,165.0857999368126,1317.49066744514,165.0857999368126,1308.994339600884
157,165.0857563915286,1322.900140467321,165.0857999368126,1322.922523917748,165.0857999368126,1316.346806594441
158,165.0857563915286,1328.127218865472,165.0857999368126,1328.149987035921,165.0857999368126,1323.217656492992
159,165.0857563915286,1333.165195048281,165.0857999368126,1333.189547506526,165.0857999368126,1329.638199552493
160,165.0857563915286,1338.085998780419,165.0857999368126,1338.111490233223,165.0857999368126,1335.685207451917
161,165.0857563915286,1342.902518780019,165.0857999368126,1342.927994145573,165.0857999368126,1341.388615666269
162,165.0857563915286,1347.585269853108,165.0857999368126,1347.610704592222,165.0857999368126,1346.733095280051
163,165.0857563915286,1352.117059485525,165.0857999368126,1352.141988397538,165.0857999368126,1351.720963566077
164,165.0857563915286,1356.46348182947,165.0857999368126,1356.48825895669,165.0857999368126,1356.342020771912
165,165.0857563915286,1360.616050885577,165.0857999368126,1360.641036440264,165.0857999368126,1360.617458796462
166,165.0857563915286,1364.573246717167,165.0857999368126,1364.598017084295,165.0857999368126,1364.594276564491
167,165.0857563915286,1368.312530809973,165.0857999368126,1368.337080480018,165.0857999368126,1368.333799848162
168,165.0857563915286,1371.82595663025,165.0857999368126,1371.850879774167,165.0857999368126,1371.847874989723
169,165.0857563915286,1375.112197667022,165.0857999368126,1375.13716173304,165.0857999368126,1375.134447615289
170,165.0857563915286,1378.162786187848,165.0857999368126,1378.187556877563,165.0857999368126,1378.185077853297
171,165.0857563915286,1380.959854826934,165.0857999368126,1380.984318130381,165.0857999368126,1380.982185708016
172,165.0857563915286,1383.488461462031,165.0857999368126,1383.513121170382,165.0857999368126,1383.51129292851
173,165.0857563915286,1385.747323299478,165.0857999368126,1385.772228442077,165.0857999368126,1385.770619587106
174,165.0857563915286,1387.729685353033,165.0857999368126,1387.754613011332,165.0857999368126,1387.753211066065
175,165.0857563915286,1389.424624521572,165.0857999368126,1389.449590481849,165.0857999368126,1389.448377747467
176,165.0857563915286,1390.823194417137,165.0857999368126,1390.848185104122,165.0857999368126,1390.847168986176
177,165.0857563915286,1391.918443748095,165.0857999368126,1391.943465358435,165.0857999368126,1391.942625942469
178,165.0857563915286,1392.70583761314,165.0857999368126,1392.730655737688,165.0857999368126,1392.729993821039
179,165.0857563915286,1393.20051509218,165.0857999368126,1393.224183304468,165.0857999368126,1393.223692468283
180,165.0857563915286,1393.628096205619,165.0857999368126,1393.644587236332,165.0857999368126,1393.644256037193
