loop:1,season:59345965,P_air:6.183361614938972e-11,P_ice:0,P_rego:0.0009999999381663839,T_sub:79.28426232265575
0,320.2038472069236,0,315.8271975869495,0,316.575878355358,0
1,320.1820465999252,0,315.7320224250257,0,316.629174881754,0
2,320.116643145436,0,315.599101640294,0,316.6449361220962,0
3,320.007661104229,0,315.428218470665,0,316.6235044773597,0
4,319.8551338427224,0,315.2191932546825,0,316.5652706712086,0
5,319.6591037077986,0,314.9718324815192,0,316.4706527080685,0
6,319.4196390466989,0,314.6859840395529,0,316.3401450329816,0
7,319.1368047632034,0,314.3615941772155,0,316.1742875520805,0
8,318.8106916856373,0,313.9986013379097,0,315.973640897419,0
9,318.4414039633001,0,313.596901257492,0,315.7388865754442,0
10,318.0290464543095,0,313.1565190647138,0,315.4706698858422,0
11,317.5737497667075,0,312.6774228001814,0,315.1698056616391,0
12,317.0756535859571,0,312.1596624472918,0,314.837013634883,0
13,316.5349106592979,0,311.603257914659,0,314.4732362117348,0
14,315.951686969975,0,311.008288112924,0,314.0792156907211,0
15,315.3261614384398,0,310.3748569531507,0,313.6559496809257,0
16,314.6585304332008,0,309.7030547308587,0,313.2041361543041,0
17,313.9489945652628,0,308.9930100842094,0,312.7245568728325,0
18,313.197771748347,0,308.2448636985624,0,312.2176397050845,0
19,312.4050926005269,0,307.4587679244278,0,311.6833991743067,0
20,311.5712050283049,0,306.6349176859099,0,311.1210911271872,0
21,310.6963608348734,0,305.7735129643433,0,310.5276554209904,0
22,309.7808331658001,0,304.8747353566801,0,309.8955453522734,0
23,308.8248990564047,0,303.9388252623319,0,309.2229939174936,0
24,307.8288592035072,0,302.9660381079484,0,308.5102130496686,0
25,306.7968958743593,0,301.9567674351737,0,307.7575763242677,0
26,305.7377205209157,0,300.9123150386023,0,306.9663458297638,0
27,304.6558345652841,0,299.8345941683183,0,306.1383823161533,0
28,303.5541196290854,0,298.7256442410307,0,305.27568825321,0
29,302.4346479458591,0,297.5874752864361,0,304.3802504558172,0
30,301.2989911901217,0,296.422075888898,0,303.4539733531165,0
31,300.1483715683437,0,295.2312431628241,0,302.498636853217,0
32,298.9837590635132,0,294.0166637735397,0,301.5158832956202,0
33,297.8059499611109,0,292.7799455934849,0,300.5072299464385,0
34,296.6156027623168,0,291.5224678598229,0,299.4740646460104,0
35,295.4132604584117,0,290.245572528451,0,298.4176436090651,0
36,294.1993894729031,0,288.9504733007401,0,297.3391158774815,0
37,292.9743982014107,0,287.638213509231,0,296.2395337989724,0
38,291.7386463555187,0,286.3098969243143,0,295.1198584775307,0
39,290.4924459536432,0,284.9663545431421,0,293.980959567661,0
40,289.2360904102759,0,283.6084885084692,0,292.8236448888567,0
41,287.9698464262126,0,282.2371401203004,0,291.6486539147996,0
42,286.6939700257923,0,280.852911271124,0,290.4566760421498,0
43,285.4087007083191,0,279.4567053081437,0,289.2483473141205,0
44,284.1142758931437,0,278.048976570119,0,288.0242675797077,0
45,282.8109233289718,0,276.6302232869418,0,286.7849956316874,0
46,281.4988802891469,0,275.2016371452831,0,285.5310710589748,0
47,280.1783733604115,0,273.7631766212659,0,284.2629965723416,0
48,278.8496310433255,0,272.3154909481578,0,282.9812529880139,0
49,277.5129036738982,0,270.8593145221442,0,281.6863213650897,0
50,276.168428819056,0,269.3949364378161,0,280.378650447578,0
51,274.8164626045374,0,267.9230012269456,0,279.0586898651646,0
52,273.4572622068259,0,266.4439495700098,0,277.726874336217,0
53,272.091106005431,0,264.9582354522087,0,276.3836453734746,0
54,270.7182821556177,0,263.4664427068545,0,275.0294412662757,0
55,269.3390752719365,0,261.968959386098,0,273.6646850388865,0
56,267.9538086312534,0,260.4663499763566,0,272.2898278014614,0
57,266.5628115217064,0,258.9591057760109,0,270.9053171376584,0
58,265.1664345571001,0,257.4477056463812,0,269.5116133520196,0
59,263.765051648669,0,255.9327402084163,0,268.1091922820273,0
60,262.3590801706106,0,254.4147364987446,0,266.6985662184091,0
61,260.9489610356847,0,252.894283542073,0,265.2802646613243,0
62,259.5352001252123,0,251.3720577635144,0,263.8548763590093,0
63,258.1183831188031,0,249.8487462763964,0,262.4230646856008,0
64,256.6991635672503,0,248.3251538120549,0,260.985556207785,0
65,255.2783779805897,0,246.8022709671364,0,259.5432562097832,0
66,253.8570493949482,0,245.2812585948945,0,258.0972526575043,0
67,252.4365706224137,0,243.7637790236205,0,256.6489997947514,0
68,251.0188114275093,0,242.2526819939787,0,255.2004256308119,0
69,249.6065078281539,0,240.7528402285263,0,253.7543214963979,0
70,248.2037660462563,0,239.2716976780395,0,252.3195469705081,0
71,246.8171339202984,0,237.821144486134,0,250.910030726497,0
72,245.4575011608473,0,236.4196747934714,0,249.5387457048687,0
73,244.150291582092,0,235.1021811683514,0,248.2319146690704,0
74,243.0054501282056,0,233.9756262024662,0,247.0993936600274,0
75,242.0598601180876,0,233.0669342330661,0,246.1774084525245,0
76,241.1673826577617,0,232.2541952457898,0,245.3189082349595,0
77,240.3111529284565,0,231.53663445809,0,244.5043698989782,0
78,239.3731214783099,0,230.8714898270632,0,243.6117309653766,0
79,238.322882795698,0,230.3362469348034,0,242.6031623777652,0
80,237.1707611646345,0,230.0869490497599,0,241.4751846149161,0
81,235.9209228224679,0,228.9463957895308,0,240.2057392286102,0
82,234.5740912949764,0,226.9661221942951,0,238.7469181400886,0
83,233.1285462040704,0,224.6223295976398,0,237.0157025628381,0
84,231.5811095143184,0,221.7385213178767,0,234.9010829234463,0
85,229.679252649892,0,218.030402703749,0,232.3582746325546,0
86,225.615984377043,0,213.9492512324587,0,230.3389773955469,0
87,221.6538213133914,0,209.9757902773571,0,228.1844599423349,0
88,217.806840469348,0,206.124355825164,0,224.4567089283584,0
89,214.0947665135066,0,202.4149652812302,0,220.8670243621472,0
90,210.5537694017885,0,198.8841395904086,0,217.4511157262218,0
91,207.246970345716,0,195.5952995816234,0,214.2716937725892,0
92,204.1132781420099,0,192.4877450265832,0,211.2672670954906,0
93,201.1185476309334,0,189.5277119409717,0,208.4033463602744,0
94,198.2450783530863,0,186.6979293949177,0,205.6619003357239,0
95,195.4550585256174,0,183.9610225426935,0,203.0047733512928,0
96,192.5458221403858,0,181.1148076105306,0,200.2289659331879,0
97,189.7270926555967,0,178.3695372572261,0,197.5439735540493,0
98,186.9934052727314,0,175.7202453748912,0,194.9440765997655,0
99,184.3402036751509,0,173.1629976560739,0,192.4243900265702,0
100,181.7635029067796,0,170.6943462062175,0,189.980758153424,0
101,179.2599208386211,0,168.3116167000013,0,187.6095199251181,0
102,176.8264142634033,0,166.0122971084047,0,185.3074503095398,0
103,174.4603157256866,0,163.7944948494704,0,183.0716381323883,0
104,172.1592853535594,0,161.6563416916006,0,180.8995615795816,0
105,169.9211893066349,0,159.5964447446441,0,178.7889126938772,0
106,167.7441597503612,0,157.6132670395041,0,176.7376138770132,0
107,165.626417045177,0,155.7054385346742,0,174.743716493756,0
108,163.5663601308209,0,153.8713254808314,0,172.805444341195,0
109,161.5626476577773,0,152.1090949313937,0,170.9212789131237,0
110,159.6138094620687,0,150.4159724867094,0,169.0895983676982,0
111,157.7187591219699,0,148.7872347465597,0,167.3091634448704,0
112,155.8762674949488,0,147.2135939835234,0,165.5785536203014,0
113,154.0853801825159,0,145.6919717219393,0,163.8966764492385,0
114,152.3451599829637,0,144.2212875722775,0,162.2624478415233,0
115,150.6546403324228,0,142.8004267599614,0,160.6747293267486,0
116,149.0129835074977,0,141.4283979950254,0,159.1325306244916,0
117,147.4194940995558,0,140.1043465797677,0,157.6350104446836,0
118,145.8733809585113,0,138.8273159503261,0,156.1812155407649,0
119,144.3740040026417,0,137.5964940344437,0,154.7703254993909,0
120,142.9207000683995,0,136.4110386083561,0,153.4015541620668,0
121,141.5128643059846,0,135.2701581445034,0,152.0741004584342,0
122,140.1499583777455,0,134.1731194071845,0,150.7872538440301,0
123,138.8315151008244,0,133.1192514315154,0,149.5404133983721,0
124,137.5568774862408,0,132.1076838364389,0,148.3326828654977,0
125,136.3256630830027,0,131.1378103604837,0,147.1635279806331,0
126,135.1374957569249,0,130.2090197652601,0,146.0323891239939,0
127,133.9932604815719,0,129.3219496457693,0,144.9398868890526,0
128,132.8926670432053,0,128.4760491187565,0,143.8856069644344,0
129,131.8351697315394,0,127.6704973539172,0,142.8686849250626,0
130,130.8202292314451,0,126.9044642160688,0,141.8883866818108,0
131,129.8473113313262,0,126.1771076244088,0,140.9439705783062,0
132,128.9160836587227,0,125.4877688305327,0,140.0346968399342,0
133,128.0260839884419,0,124.8356391710123,0,139.1600361731484,0
134,127.1767842409235,0,124.2198224025193,0,138.3189424084609,0
135,126.3678528381692,0,123.6395952981942,0,137.5106376705232,0
136,125.5988220082064,0,123.0940731231399,0,136.7349772612239,0
137,124.8692834975273,0,122.582403457534,0,135.9905082558543,0
138,124.1788857358812,0,122.1037614608031,0,135.2765999801219,0
139,123.5271321468566,0,121.6571463277249,0,134.5925411654418,0
140,122.9136419149,0,121.2416403208375,0,133.9372739288872,0
141,122.3379472079164,0,120.8562045109359,0,133.3099793401984,0
142,121.7995541684331,0,120.4997386973986,0,132.7095962773346,0
143,121.2979368422355,0,120.1710749217587,0,132.1349987905879,0
144,120.8325960302845,0,119.8690368978799,0,131.5851925630024,0
145,120.4029842251383,0,119.5923670055091,0,131.0589225744407,0
146,120.0084285508074,0,119.3396534553254,0,130.554929446936,0
147,119.6482493206961,0,119.1094562375063,0,130.0718610142823,0
148,119.3215441706605,0,118.9001032904614,0,129.6081087716372,0
149,119.0274960344508,0,118.7100173573909,0,129.1622582018188,0
150,118.7650122428017,0,118.537384255485,0,128.7325607495446,0
151,118.5328813799809,0,118.3803546984281,0,128.3172795532118,0
152,118.3296474831733,0,118.2369886945347,0,127.9146176932586,0
153,118.1533874060908,0,118.1051457984329,0,127.5225161216728,0
154,118.0018916292705,0,117.9828581539482,0,127.1391411115189,0
155,117.872112630822,0,117.8681456494398,0,126.7626534683098,0
156,117.759385742289,0,117.7591770705819,0,126.3913273382192,0
157,117.6549865314612,0,117.6547818067634,0,126.024129397991,0
158,117.5551011281609,0,117.5548978421839,0,125.661152628038,0
159,117.4594961365923,0,117.4592942276807,0,125.3022804440192,0
160,117.3682104565666,0,117.368009862504,0,124.9477094344721,0
161,117.2812226934732,0,117.2810233523519,0,124.5975834857485,0
162,117.1984512369004,0,117.1982530879901,0,124.2519680031223,0
163,117.1198864073974,0,117.1196893901053,0,123.9110173578203,0
164,117.0455244887593,0,117.045328542548,0,123.57489106187,0
165,116.9753018779663,0,116.9751069432147,0,123.243720790161,0
166,116.9092931542554,0,116.9090991702658,0,122.9177558192445,0
167,116.8473812965541,0,116.8471882043191,0,122.5970757024016,0
168,116.7896536967239,0,116.7894614359726,0,122.2819627895575,0
169,116.7361383839077,0,116.7359468939691,0,121.9726764677355,0
170,116.6867382927237,0,116.6865475143231,0,121.6693122169221,0
171,116.6415611989893,0,116.6413710713011,0,121.3722516938193,0
172,116.6006559744073,0,116.6004664358998,0,121.0817393974667,0
173,116.5640787518371,0,116.5638897401731,0,120.7981548692074,0
174,116.5318269086884,0,116.5316383615662,0,120.5217057472864,0
175,116.5039707299818,0,116.5037825840886,0,120.252763763152,0
176,116.4805863058198,0,116.480398496746,0,119.9916460233336,0
177,116.4619483955831,0,116.4617608549626,0,119.7389355742029,0
178,116.4485019592221,0,116.4483146122791,0,119.4953986552687,0
179,116.4404484177779,0,116.4402611868361,0,119.2615951030389,0
180,116.4377860759265,0,116.4375988833352,0,119.037944315415,0
