loop:1,season:59345410,P_air:0.04943996988751215,P_ice:0.0110252392769181,P_rego:0.03953479083556975,T_sub:164.3027186897253
0,164.3027186897253,771.2744628512021,164.3027755900053,771.2912684513564,164.3027755900053,771.2912684513564
1,164.3027186897253,768.6538657970852,164.3027755900053,768.9825600919886,164.3027755900053,768.9825600919886
2,164.3027186897253,765.8715059780824,164.3027755900053,766.3586702760275,164.3027755900053,766.3586702760275
3,164.3027186897253,761.5832135513748,164.3027755900053,762.2031164775985,164.3027755900053,762.2031164775985
4,164.3027186897253,755.6475584066063,164.3027755900053,756.3950863888014,164.3027755900053,756.3950863888014
5,164.3027186897253,748.064543439536,164.3027755900053,748.9395594566,164.3027755900053,748.9395594566
6,164.3027186897253,738.8624781972618,164.3027755900053,739.8662110612548,164.3027755900053,739.8662110612548
7,164.3027186897253,728.0757934595536,164.3027755900053,729.2090956537093,164.3027755900053,729.2090956537093
8,164.3027186897253,715.7411335986986,164.3027755900053,717.0043195792014,164.3027755900053,717.0043195792014
9,164.3027186897253,701.89877554776,164.3027755900053,703.2915773629418,164.3027755900053,703.2915773629418
10,164.3027186897253,686.5945855126462,164.3027755900053,688.1158922262446,164.3027755900053,688.1158922262446
11,164.3027186897253,669.7261786843286,164.3027755900053,671.3588037375109,164.3027755900053,671.3588037375109
12,164.3027186897253,651.0632029785739,164.3027755900053,652.7987966445054,164.3027755900053,652.7987966445054
13,164.3027186897253,630.4992185661365,164.3027755900053,632.333558072203,164.3027755900053,632.333558072203
14,164.3027186897253,607.9517993050392,164.3027755900053,609.8830818183689,164.3027755900053,609.8830818183689
15,164.3027186897253,583.3381133539788,164.3027755900053,585.3652023451303,164.3027755900053,585.3652023451303
16,164.3027186897253,556.5672000176339,164.3027755900053,558.6891701327424,164.3027755900053,558.6891701327424
17,164.3027186897253,527.535458629412,164.3027755900053,529.7536823765829,164.3027755900053,529.7536823765829
18,164.3027186897253,496.1212143149112,164.3027755900053,498.4359030068357,164.3027755900053,498.4359030068357
19,164.3027186897253,462.178109462149,164.3027755900053,464.5908384633977,164.3027755900053,464.5908384633977
20,164.3027186897253,425.5254695286037,164.3027755900053,428.0390934101811,164.3027755900053,428.0390934101811
21,164.3027186897253,385.9328912693524,164.3027755900053,388.5520143659741,164.3027755900053,388.5520143659741
22,164.3027186897253,343.0950550354179,164.3027755900053,345.8248553470301,164.3027755900053,345.8248553470301
23,164.3027186897253,296.5809687418312,164.3027755900053,299.4271826207447,164.3027755900053,299.4271826207447
24,164.3027186897253,245.7150932079051,164.3027755900053,248.6700578363032,164.3027755900053,248.6700578363032
25,164.3027186897253,189.1537284975853,164.3027755900053,192.1973950041491,164.3027755900053,192.1973950041491
26,164.3027186897253,124.7459583959332,164.3027755900053,127.8999079431998,164.3027755900053,127.8999079431998
27,164.3027186897253,50.87084264996322,164.3027755900053,58.62026966301172,164.3027755900053,58.62026966301172
28,171.4196768598835,0,169.7957924625979,0,169.7957924625979,0
29,182.8391079342705,0,182.4358391358421,0,182.4358391358421,0
30,192.5401489834815,0,192.2726082256904,0,192.2726082256904,0
31,201.1805508525436,0,200.9254006951636,0,200.9254006951636,0
32,209.0461909363667,0,208.7811081956033,0,208.7811081956033,0
33,216.3173876184332,0,216.0427206318517,0,216.0427206318517,0
34,223.1023952164312,0,222.8251610771639,0,222.8251610771639,0
35,229.3889390963526,0,229.1247132467356,0,229.1247132467356,0
36,234.4681577750479,0,234.2386166928017,0,234.2386166928017,0
37,238.0174799836871,0,237.7594758092434,0,237.7594758092434,0
38,240.6966424613619,0,240.4100937068837,0,240.4100937068837,0
39,242.840760935609,0,242.5362634167942,0,242.5362634167942,0
40,244.6215964935371,0,244.3103064800767,0,244.3103064800767,0
41,246.0743060725515,0,245.7627407552525,0,245.7627407552525,0
42,247.1625198598592,0,246.8456988132181,0,246.8456988132181,0
43,247.9015413917638,0,247.5715324657287,0,247.5715324657287,0
44,248.3911392954228,0,248.0472748562646,0,248.0472748562646,0
45,248.7410565647777,0,248.3868216368444,0,248.3868216368444,0
46,249.0235516296855,0,248.6621986257162,0,248.6621986257162,0
47,249.2735144905301,0,248.9069218036776,0,248.9069218036776,0
48,249.5043050192436,0,249.1332894712488,0,249.1332894712488,0
49,249.7200935555379,0,249.3450176221816,0,249.3450176221816,0
50,249.9218960671543,0,249.5429503605014,0,249.5429503605014,0
51,250.1098261167781,0,249.7271303011227,0,249.7271303011227,0
52,250.2837829297209,0,249.8974808446126,0,249.8974808446126,0
53,250.4436295868159,0,250.0538300410515,0,250.0538300410515,0
54,250.5892327382864,0,250.19605859546,0,250.19605859546,0
55,250.7204697836333,0,250.3240623960342,0,250.3240623960342,0
56,250.83722921041,0,250.4376878748303,0,250.4376878748303,0
57,250.9394098746313,0,250.5368733351042,0,250.5368733351042,0
58,251.0269204879295,0,250.6215258505923,0,250.6215258505923,0
59,251.099679190697,0,250.6915307060082,0,250.6915307060082,0
60,251.1576131237949,0,250.7468465295295,0,250.7468465295295,0
61,251.2006580371838,0,250.7874196778371,0,250.7874196778371,0
62,251.2287579267151,0,250.8131587798093,0,250.8131587798093,0
63,251.2418646990947,0,250.8240238235698,0,250.8240238235698,0
64,251.2399378970764,0,250.8200142627363,0,250.8200142627363,0
65,251.2229444455918,0,250.8010624498824,0,250.8010624498824,0
66,251.1908584285328,0,250.7671195894061,0,250.7671195894061,0
67,251.1436609005167,0,250.7182237502825,0,250.7182237502825,0
68,251.0813397258394,0,250.6543502903801,0,250.6543502903801,0
69,251.0038894567179,0,250.5754600388198,0,250.5754600388198,0
70,250.9113112461278,0,250.4815531062527,0,250.4815531062527,0
71,250.8036127335766,0,250.3726977714185,0,250.3726977714185,0
72,250.6808078468898,0,250.2488756453862,0,250.2488756453862,0
73,250.5429166020863,0,250.1100706599887,0,250.1100706599887,0
74,250.3899650330547,0,249.9563251531099,0,249.9563251531099,0
75,250.2219852124968,0,249.7877315139077,0,249.7877315139077,0
76,250.0390152676063,0,249.6042864673051,0,249.6042864673051,0
77,249.8410993313311,0,249.4059914463341,0,249.4059914463341,0
78,249.6282874493951,0,249.1929149147859,0,249.1929149147859,0
79,249.4006354974906,0,248.9651942152937,0,248.9651942152937,0
80,249.1582051365108,0,248.7228385709416,0,248.7228385709416,0
81,248.901063808121,0,248.4658600756096,0,248.4658600756096,0
82,248.629284770155,0,248.1943314739181,0,248.1943314739181,0
83,248.3429471778558,0,247.9084713416323,0,247.9084713416323,0
84,248.0421362128814,0,247.6082960846814,0,247.6082960846814,0
85,247.7269432165515,0,247.2938095163647,0,247.2938095163647,0
86,247.3974656695339,0,246.9650667350002,0,246.9650667350002,0
87,247.0538067484536,0,246.6224476351309,0,246.6224476351309,0
88,246.6960743532485,0,246.2659351209567,0,246.2659351209567,0
89,246.3243800717809,0,245.8954474403304,0,245.8954474403304,0
90,245.9388388333498,0,245.511060961011,0,245.511060961011,0
91,245.539569317832,0,245.1135352871214,0,245.1135352871214,0
92,245.1266946227306,0,244.7023515998435,0,244.7023515998435,0
93,244.7003427826683,0,244.2776755451873,0,244.2776755451873,0
94,244.2606470454118,0,243.8398328417313,0,243.8398328417313,0
95,243.8077459640777,0,243.3890862582038,0,243.3890862582038,0
96,243.3417832905678,0,242.9253020846891,0,242.9253020846891,0
97,242.8629069592468,0,242.4486702066341,0,242.4486702066341,0
98,242.3712622421458,0,241.9594251395513,0,241.9594251395513,0
99,241.8669521644081,0,241.4577512249616,0,241.4577512249616,0
100,241.3498468563999,0,240.9434335168326,0,240.9434335168326,0
101,240.8188521852276,0,240.4155472471637,0,240.4155472471637,0
102,240.2698339681442,0,239.8703452404282,0,239.8703452404282,0
103,239.6919131237542,0,239.2972126880099,0,239.2972126880099,0
104,239.0654953006496,0,238.6759445365804,0,238.6759445365804,0
105,238.3674720419403,0,237.9831855017791,0,237.9831855017791,0
106,237.5737314184145,0,237.1949131187052,0,237.1949131187052,0
107,236.6582915906188,0,236.2851395311655,0,236.2851395311655,0
108,235.5922493760755,0,235.2246343263014,0,235.2246343263014,0
109,234.343022122118,0,233.9801428224598,0,233.9801428224598,0
110,232.8736741917624,0,232.5131789104312,0,232.5131789104312,0
111,231.1421768030949,0,230.778462550053,0,230.778462550053,0
112,229.1433531331278,0,228.779498568206,0,228.779498568206,0
113,227.0851071132402,0,226.7250953339539,0,226.7250953339539,0
114,224.9993294987358,0,224.6435589440577,0,224.6435589440577,0
115,222.8872829970943,0,222.5358942323144,0,222.5358942323144,0
116,220.749913726349,0,220.4029868991957,0,220.4029868991957,0
117,218.5881562853024,0,218.2457942002553,0,218.2457942002553,0
118,216.4029455446143,0,216.0652815015316,0,216.0652815015316,0
119,214.1952232570981,0,213.8623516043033,0,213.8623516043033,0
120,211.9659432179119,0,211.637948297877,0,211.637948297877,0
121,209.7160754939526,0,209.3930750679509,0,209.3930750679509,0
122,207.4466100547696,0,207.1287112493826,0,207.1287112493826,0
123,205.1585600927502,0,204.8458386418276,0,204.8458386418276,0
124,202.8529651559986,0,202.5455266571724,0,202.5455266571724,0
125,200.5308941989097,0,200.2288445671828,0,200.2288445671828,0
126,198.1934487373958,0,197.8968579861194,0,197.8968579861194,0
127,195.841766193753,0,195.5507391211584,0,195.5507391211584,0
128,193.4770234597227,0,193.191648955853,0,193.191648955853,0
129,191.1004408214454,0,190.8207916299291,0,190.8207916299291,0
130,188.7132863724947,0,188.4394664490952,0,188.4394664490952,0
131,186.316881006352,0,186.0489584213733,0,186.0489584213733,0
132,183.9126044458549,0,183.6506617639055,0,183.6506617639055,0
133,181.5019076145526,0,181.2460258635409,0,181.2460258635409,0
134,179.0863930224773,0,178.8365967487759,0,178.8365967487759,0
135,176.6685595658204,0,176.4245454325962,0,176.4245454325962,0
136,174.257366062745,0,174.0167464172487,0,174.0167464172487,0
137,171.8909065387356,0,171.6496488365434,0,171.6496488365434,0
138,169.5322516940179,0,169.4103554724038,0,169.4103554724038,0
139,164.3027186897253,217.5084420564496,164.3027755900053,236.8802149114065,164.3027755900053,236.8802149114065
140,164.3027186897253,311.7535272497155,164.3027755900053,317.5886401179262,164.3027755900053,317.5886401179262
141,164.3027186897253,383.0885201962043,164.3027755900053,387.4039803669094,164.3027755900053,387.4039803669094
142,164.3027186897253,449.1763661260988,164.3027755900053,452.5832341334285,164.3027755900053,452.5832341334285
143,164.3027186897253,514.55002556619,164.3027755900053,518.4816402836664,164.3027755900053,518.4816402836664
144,164.3027186897253,578.2170218265226,164.3027755900053,580.9384235551784,164.3027755900053,580.9384235551784
145,164.3027186897253,639.8602640271768,164.3027755900053,642.8170751997719,164.3027755900053,642.8170751997719
146,164.3027186897253,701.404466289493,164.3027755900053,704.1701354965215,164.3027755900053,704.1701354965215
147,164.3027186897253,761.4601185704594,164.3027755900053,763.949923384964,164.3027755900053,763.949923384964
148,164.3027186897253,820.4487354920657,164.3027755900053,823.0458381073904,164.3027755900053,823.0458381073904
149,164.3027186897253,879.4307195211539,164.3027755900053,881.5823941345009,164.3027755900053,881.5823941345009
150,164.3027186897253,936.8634995984331,164.3027755900053,939.1997665728743,164.3027755900053,939.1997665728743
151,164.3027186897253,993.1467286170846,164.3027755900053,995.1560885903524,164.3027755900053,995.1560885903524
152,164.3027186897253,1048.101754661354,164.3027755900053,1049.903190514653,164.3027755900053,1049.903190514653
153,164.3027186897253,1101.349269183627,164.3027755900053,1103.106652800957,164.3027755900053,1103.106652800957
154,164.3027186897253,1153.113513808877,164.3027755900053,1154.905130294253,164.3027755900053,1154.905130294253
155,164.3027186897253,1201.748995890021,164.3027755900053,1203.449556773845,164.3027755900053,1203.449556773845
156,164.3027186897253,1246.069961213555,164.3027755900053,1247.418123256445,164.3027755900053,1247.418123256445
157,164.3027186897253,1287.203704563419,164.3027755900053,1288.569060746799,164.3027755900053,1288.569060746799
158,164.3027186897253,1325.7491190437,164.3027755900053,1327.117552188522,164.3027755900053,1327.117552188522
159,164.3027186897253,1361.979734672319,164.3027755900053,1363.162234412997,164.3027755900053,1363.162234412997
160,164.3027186897253,1396.060768446623,164.3027755900053,1397.106117661379,164.3027755900053,1397.106117661379
161,164.3027186897253,1428.09872811,164.3027755900053,1429.143286550045,164.3027755900053,1429.143286550045
162,164.3027186897253,1458.16280443415,164.3027755900053,1459.097507225754,164.3027755900053,1459.097507225754
163,164.3027186897253,1486.29596573124,164.3027755900053,1487.13501059161,164.3027755900053,1487.13501059161
164,164.3027186897253,1512.519534871153,164.3027755900053,1513.2686925825,164.3027755900053,1513.2686925825
165,164.3027186897253,1536.830458644622,164.3027755900053,1537.494430125322,164.3027755900053,1537.494430125322
166,164.3027186897253,1559.188541018918,164.3027755900053,1559.787773880799,164.3027755900053,1559.787773880799
167,164.3027186897253,1579.64272261849,164.3027755900053,1580.208038549968,164.3027755900053,1580.208038549968
168,164.3027186897253,1598.356395031492,164.3027755900053,1598.805262072893,164.3027755900053,1598.805262072893
169,164.3027186897253,1615.194328829824,164.3027755900053,1615.578881661561,164.3027755900053,1615.578881661561
170,164.3027186897253,1630.304049078389,164.3027755900053,1630.639117335112,164.3027755900053,1630.639117335112
171,164.3027186897253,1643.933324646879,164.3027755900053,1644.245194559805,164.3027755900053,1644.245194559805
172,164.3027186897253,1656.209847305233,164.3027755900053,1656.500679255366,164.3027755900053,1656.500679255366
173,164.3027186897253,1667.109737230341,164.3027755900053,1667.381272700862,164.3027755900053,1667.381272700862
174,164.3027186897253,1676.609638270999,164.3027755900053,1676.863930733006,164.3027755900053,1676.863930733006
175,164.3027186897253,1684.687960648993,164.3027755900053,1684.927296678683,164.3027755900053,1684.927296678683
176,164.3027186897253,1691.325481341842,164.3027755900053,1691.552310989777,164.3027755900053,1691.552310989777
177,164.3027186897253,1696.505751877545,164.3027755900053,1696.722625621323,164.3027755900053,1696.722625621323
178,164.3027186897253,1700.217941097013,164.3027755900053,1700.426295707282,164.3027755900053,1700.426295707282
179,164.3027186897253,1702.497297886391,164.3027755900053,1702.684789873331,164.3027755900053,1702.684789873331
180,164.3027186897253,1704.095582826142,164.3027755900053,1704.112273001804,164.3027755900053,1704.112273001804
