loop:1,season:59346335,P_air:4.993271714899319,P_ice:0,P_rego:0.006728285100681004,T_sub:214.2904721396087
0,355.7442557946666,0,355.527205478537,0,355.7075064496428,0
1,366.4810668791173,0,366.3185026266837,0,366.5374678900969,0
2,370.0558341143564,0,369.9179703375252,0,370.149626267922,0
3,372.1942626352192,0,372.0929216762484,0,372.3108933731648,0
4,373.7148164593019,0,373.6645162479701,0,373.8451916637591,0
5,374.891428125687,0,374.9045861581195,0,375.0277651664986,0
6,375.8501816012999,0,375.9358994167251,0,375.9846501614834,0
7,376.6609962760331,0,376.8246333410707,0,376.7849133217297,0
8,377.3683869104048,0,377.6112780080275,0,377.4714877331421,0
9,378.0043912070301,0,378.3234335422425,0,378.073995901055,0
10,378.5950408160306,0,378.981995461213,0,378.6149922758064,0
11,379.1639506892419,0,379.6045813116619,0,379.1134511058281,0
12,379.7266510087721,0,380.2065269783648,0,379.5858238883922,0
13,380.2934083445689,0,380.8002855613436,0,380.0454338134808,0
14,380.8715264061951,0,381.3956599683087,0,380.5028525643414,0
15,381.4663495850717,0,382.000358356823,0,380.9663755193429,0
16,382.081815902494,0,382.6203005511979,0,381.4424386439035,0
17,382.7207937653942,0,383.2599846252579,0,381.9359582519381,0
18,383.3853038582174,0,383.9227181800395,0,382.4506012647294,0
19,384.0766738787,0,384.6108334012139,0,382.9889987999235,0
20,384.7956509633371,0,385.3258275046075,0,383.5529705780306,0
21,385.5424863307629,0,386.0685133433615,0,384.1554999252849,0
22,386.3170013474657,0,386.8390956567609,0,384.8108971493984,0
23,387.1186410439727,0,387.6372711428747,0,385.5194291539894,0
24,387.9465190626422,0,388.462304416967,0,386.2777432805772,0
25,388.7994566721322,0,389.3130773397946,0,387.0814469847013,0
26,389.6760175932246,0,390.1881494694928,0,387.9259565092013,0
27,390.5745397846779,0,391.0858073066526,0,388.806781526434,0
28,391.4931649324336,0,392.0041112321233,0,389.7196372747858,0
29,392.4298661067176,0,392.9409089612637,0,390.6604579316156,0
30,393.3824738597324,0,393.893907163174,0,391.6253746805145,0
31,394.34870090621,0,394.8606885625661,0,392.6106867199662,0
32,395.3261654429544,0,395.8387038908759,0,393.6128297126913,0
33,396.3124131095515,0,396.8253764560515,0,394.6284073826009,0
34,397.3049375619958,0,397.8180330451719,0,395.6540721557568,0
35,398.3011996176526,0,398.8140237566792,0,396.6866280013144,0
36,399.2986449288873,0,399.8106407054234,0,397.7229403555207,0
37,400.2947201501191,0,400.8052421132462,0,398.7599811849154,0
38,401.2868875760631,0,401.7951578227299,0,399.7948061416386,0
39,402.2726382452352,0,402.7778034452274,0,400.8245701277689,0
40,403.2495035206616,0,403.7506291059264,0,401.846510581601,0
41,404.2150651776601,0,404.711134085562,0,402.8579729635169,0
42,405.166964045696,0,405.6569302576886,0,403.8563858107148,0
43,406.1029072666881,0,406.585658158724,0,404.8392773620141,0
44,407.0206742454304,0,407.4950760971973,0,405.8042812062257,0
45,407.9181213785872,0,408.3830330514915,0,406.7491250648529,0
46,408.793185656892,0,409.2474230451968,0,407.6716380711379,0
47,409.6438872407903,0,410.0862918329561,0,408.5697523262735,0
48,410.4683311128205,0,410.8977481586257,0,409.4415058704528,0
49,411.2647079108502,0,411.6799700861717,0,410.2850169621676,0
50,412.0312940449628,0,412.4312731830845,0,411.0985196710726,0
51,412.7664511977749,0,413.1500491604074,0,411.8803473987589,0
52,413.4686253034225,0,413.8347440552324,0,412.6288934146953,0
53,414.1363450947603,0,414.4839204064628,0,413.3426860693535,0
54,414.7682203017715,0,415.0962488395082,0,414.020292374891,0
55,415.3629395770271,0,415.6704261700628,0,414.660412562807,0
56,415.9192682165398,0,416.2052352042654,0,415.2617755839365,0
57,416.436045736764,0,416.699591294018,0,415.8232420783779,0
58,416.9121833609506,0,417.1524332144944,0,416.3436908513686,0
59,417.3466614607837,0,417.5627523323717,0,416.8221160431665,0
60,417.7385269922724,0,417.9296289987852,0,417.2575609096834,0
61,418.086890958398,0,418.2522533772399,0,417.6491194452437,0
62,418.3909259250349,0,418.5298096847931,0,417.9959886577792,0
63,418.6498636112743,0,418.761536436781,0,418.2973752279003,0
64,418.862992570423,0,418.9467648000705,0,418.5525768388288,0
65,419.0296559737219,0,419.0849142051219,0,418.7609487969091,0
66,419.149249505128,0,419.175382073916,0,418.9218534960388,0
67,419.2212193723595,0,419.2176121347387,0,419.0347634200449,0
68,419.2450604367713,0,419.2111386351181,0,419.0991698063601,0
69,419.2203144624316,0,419.1555913970944,0,419.1145873357036,0
70,419.1465684830375,0,419.0505483604541,0,419.0806214972079,0
71,419.0234532839232,0,418.8956243133209,0,418.9969071095566,0
72,418.8506419953564,0,418.6905115438357,0,418.8630869690397,0
73,418.6278487925769,0,418.4350514901927,0,418.6788749695208,0
74,418.3548276975023,0,418.1289781090973,0,418.4440490142986,0
75,418.0313714767298,0,417.7720400529758,0,418.1583707443114,0
76,417.6573106303258,0,417.3640439124842,0,417.8216471845585,0
77,417.232512465886,0,416.9050852115596,0,417.4337793018892,0
78,416.7568802524878,0,416.3950289397441,0,416.9946549850157,0
79,416.2303524493332,0,415.8336499458124,0,416.5041803679413,0
80,415.65290200417,0,415.2208734207298,0,415.9623183916277,0
81,415.0245357168825,0,414.5573401147909,0,415.3691117823404,0
82,414.3452936639914,0,413.8424913120172,0,414.7245693999241,0
83,413.6152486802004,0,413.0764828192677,0,414.0287285269628,0
84,412.834505893473,0,412.2596187055262,0,413.2816951897618,0
85,412.0032023105539,0,411.3921097691031,0,412.4836416516791,0
86,411.1215064502219,0,410.4739320495775,0,411.6346979299404,0
87,410.1896180219505,0,409.5053451911909,0,410.7350218040302,0
88,409.2077676480625,0,408.4866602990367,0,409.7848446267812,0
89,408.1762166278107,0,407.4181955384848,0,408.7844778840636,0
90,407.0952567422285,0,406.3001526283703,0,407.7341671522746,0
91,405.9652100989456,0,405.1328723236868,0,406.6341821577377,0
92,404.7864290165328,0,403.9167611542691,0,405.4848586774673,0
93,403.5592959483207,0,402.6522494393508,0,404.286671365092,0
94,402.2842234459981,0,401.33970140884,0,403.0399782289142,0
95,400.9616541636537,0,399.979560389704,0,401.7451438597811,0
96,399.5920609033321,0,398.5723424192739,0,400.4025836728201,0
97,398.1759467035246,0,397.1185903429382,0,399.012995858,0
98,396.7138449724306,0,395.6188032795068,0,397.5768428318729,0
99,395.2063196682111,0,394.0735454144852,0,396.094492522369,0
100,393.6539655288746,0,392.4834477244567,0,394.5664597223532,0
101,392.0574083548515,0,390.8491673013667,0,392.9939721645486,0
102,390.41730534774,0,389.1713267093529,0,391.3770563486689,0
103,388.7343455091386,0,387.4506252009968,0,389.7164523859734,0
104,387.0092501039126,0,385.6878158883494,0,388.0130486045115,0
105,385.2427731926601,0,383.8836683370093,0,386.2676409006787,0
106,383.4357022385652,0,382.0389364162112,0,384.4807921618668,0
107,381.5888587941851,0,380.1544656131204,0,382.6533515749435,0
108,379.703099274089,0,378.231141033091,0,380.7862234700411,0
109,377.7793158195174,0,376.2698324087988,0,378.8803239583199,0
110,375.818437261461,0,374.2714666169225,0,376.9364585224384,0
111,373.8214301886292,0,372.2370389506667,0,374.9555786637394,0
112,371.7893001267811,0,370.1675507989606,0,372.9387098807306,0
113,369.7230928356584,0,368.0640283204,0,370.8869110066892,0
114,367.623895729379,0,365.9275828082065,0,368.8011857446616,0
115,365.4928394255159,0,363.7593466006467,0,366.6826293653133,0
116,363.3310994271535,0,361.560470155537,0,364.5324239354145,0
117,361.1398979409579,0,359.3322012212116,0,362.3517941394408,0
118,358.9205058326785,0,357.0757987903378,0,360.1419385810136,0
119,356.6742447194359,0,354.7925722052926,0,357.9041405258674,0
120,354.4024891956174,0,352.4839177015394,0,355.6397716886263,0
121,352.1066691861728,0,350.1512382647818,0,353.350253728262,0
122,349.7882724174862,0,347.7960314630907,0,351.0369998772591,0
123,347.4488469918342,0,345.4198464308212,0,348.7015285194896,0
124,345.0900040466437,0,343.0242821362083,0,346.3454427952806,0
125,342.7134204743728,0,340.6110310083319,0,343.9703956790806,0
126,340.3208416728639,0,338.1818210880162,0,341.5780603333657,0
127,337.9140842894626,0,335.7384952317323,0,339.1702399100908,0
128,335.4950389151679,0,333.2829314900379,0,336.7488179763243,0
129,333.0656726776448,0,330.8171277795049,0,334.3157058329376,0
130,330.6280316741991,0,328.3431280405642,0,331.8729171612958,0
131,328.1842431779752,0,325.8631004012639,0,329.4225811724368,0
132,325.7365175428504,0,323.3792788061796,0,326.9668818251581,0
133,323.287149725004,0,320.8939959426074,0,324.5080776063545,0
134,320.8385203322151,0,318.4096923513586,0,322.0485624644209,0
135,318.3930961057981,0,315.9288982035021,0,319.5908016351568,0
136,315.9534297351435,0,313.454231859444,0,317.137327854554,0
137,313.5221589013193,0,310.9884492806825,0,314.6908187592052,0
138,311.1020044444653,0,308.5343792398713,0,312.254008023015,0
139,308.6957675500859,0,306.0949651239577,0,309.8297204579283,0
140,306.3063258521283,0,303.6732528995316,0,307.4209032230742,0
141,303.9366283560643,0,301.2723967603116,0,305.03053887872,0
142,301.5896890933644,0,298.8956396460735,0,302.6617248127324,0
143,299.2685794296944,0,296.5463409458081,0,300.3176200928813,0
144,296.9764189629192,0,294.2279491527244,0,298.0014317673163,0
145,294.7163649632952,0,291.9440174609483,0,295.7164445972135,0
146,292.4916003266964,0,289.6982095091623,0,293.4659473160731,0
147,290.3053200317476,0,287.4942292664179,0,291.253293898791,0
148,288.160716112474,0,285.3359100740229,0,289.0818039421799,0
149,286.0609611783631,0,283.2272084480629,0,286.9548252813926,0
150,284.0091905321183,0,281.1722359368355,0,284.875636062709,0
151,282.0084829499618,0,279.1752123458738,0,282.8474968354845,0
152,280.0618401977246,0,277.2405329271256,0,280.8735641664643,0
153,278.1721653552137,0,275.3727846305199,0,278.9568936297472,0
154,276.342240007501,0,273.5767584588613,0,277.1004170156359,0
155,274.5747003299434,0,271.8574792325705,0,275.3068900481788,0
156,272.8720120371288,0,270.220170729315,0,273.5788541446329,0
157,271.2364440753404,0,268.6701838439586,0,271.9186448079801,0
158,269.6700408005062,0,267.2126036571513,0,270.3282828910293,0
159,268.1745921794864,0,265.8513994560017,0,268.8094680696183,0
160,266.7516012513465,0,264.5864831866971,0,267.3635126230906,0
161,265.4022476366584,0,263.4032472958716,0,265.991285227506,0
162,264.1273452043583,0,262.293007103795,0,264.6931193837421,0
163,262.9272909695119,0,261.2552226924676,0,263.46875532475,0
164,261.8020007102083,0,260.2885999863698,0,262.3172086257882,0
165,260.7508243185366,0,259.3909518272345,0,261.2366577889824,0
166,259.7724296717611,0,258.5590264477731,0,260.2242912800214,0
167,258.8646352426218,0,257.7882964189473,0,259.2760411636595,0
168,258.0241516863715,0,257.0727037821477,0,258.3864341220824,0
169,257.2461439225661,0,256.4043675442905,0,257.5483116804568,0
170,256.5234008177665,0,255.7732954597965,0,256.7525948865419,0
171,255.8443033636852,0,255.1672970856257,0,255.9881737667536,0
172,255.1904368082161,0,254.5730557535539,0,255.243071832004,0
173,254.5429895465009,0,253.9758569919817,0,254.5042183299065,0
174,253.8804695296426,0,253.3575035905553,0,253.7554056189097,0
175,253.1747461157763,0,252.6927710050817,0,252.9738069676926,0
176,252.3834617044733,0,251.9423135473297,0,252.1228838895482,0
177,251.4323049308971,0,251.0358071423821,0,251.1354980445187,0
178,250.162582419353,0,249.8218000426653,0,249.8634138263075,0
179,248.1051595932404,0,247.8511286040104,0,247.8599143774174,0
180,241.9986844593427,0,241.9983012398758,0,241.9983012399757,0
