loop:1,season:59346150,P_air:7.10843332349178e-10,P_ice:0,P_rego:0.0009999992891566677,T_sub:85.0110070490081
0,228.7304611763811,0,228.5025741375873,0,228.7368382647774,0
1,228.7271660798652,0,228.4761739142837,0,228.7373110598703,0
2,228.7177140211928,0,228.4758085723837,0,228.7312533620268,0
3,228.7020975045948,0,228.5093435407429,0,228.7227924729145,0
4,228.6797626758251,0,228.5575352421732,0,228.7140315251313,0
5,228.6506042639244,0,228.6126461276436,0,228.7046649278488,0
6,228.6155396752306,0,228.6613494526972,0,228.691600242519,0
7,228.5739184317312,0,228.7136465606885,0,228.659251691174,0
8,228.5261129563806,0,228.7710960018423,0,228.6108817733944,0
9,228.4714001647535,0,228.8293880481617,0,228.5599316387315,0
10,228.4106684975437,0,228.8884158018138,0,228.5105237116847,0
11,228.3597372876745,0,228.9472196815311,0,228.4503015350505,0
12,228.3478282910499,0,228.9980440900904,0,228.3960914198339,0
13,228.3797488141394,0,229.0697293694447,0,228.3710950027225,0
14,228.4474265646255,0,229.156098867663,0,228.329405847741,0
15,228.5451624775576,0,229.2398836142252,0,228.2993241843507,0
16,228.6683071712638,0,229.3377528396126,0,228.3039278503261,0
17,228.8105578984057,0,229.4178629612334,0,228.3170815036082,0
18,228.9663228267802,0,229.4883976928468,0,228.3224020983699,0
19,229.1298596027513,0,229.5398625487476,0,228.334401573687,0
20,229.2949800750129,0,229.6037246228891,0,228.3598129094936,0
21,229.4556031637457,0,229.6753755923271,0,228.3998913663032,0
22,229.6073620258319,0,229.7506433016206,0,228.4669181826284,0
23,229.7451349017113,0,229.8356614835659,0,228.5667251401098,0
24,229.8639210084255,0,229.9396041146094,0,228.695095158338,0
25,229.9613748595945,0,230.0889282633615,0,228.8328122819274,0
26,230.0341300636178,0,230.3047519687678,0,228.9798341212932,0
27,230.0803266633501,0,230.5649964517999,0,229.1385182180823,0
28,230.0991131284188,0,230.8569745879952,0,229.3047026834501,0
29,230.2643761338123,0,231.1861561739639,0,229.4697770606313,0
30,230.627629715297,0,231.5213848991306,0,229.6127352883059,0
31,230.9894406791302,0,231.8540700763828,0,229.7137698952998,0
32,231.3483319565411,0,232.1828122805878,0,229.8836545274533,0
33,231.7030209330333,0,232.5064540649699,0,230.1163332055295,0
34,232.0524557465656,0,232.8239921288366,0,230.4708650424545,0
35,232.3957282591833,0,233.1346261784291,0,230.8217985461928,0
36,232.732027308667,0,233.4375717304333,0,231.1679931119753,0
37,233.0606661878935,0,233.7322390151576,0,231.5085213410859,0
38,233.3810152453092,0,234.0180134875088,0,231.8425370670315,0
39,233.6925486833221,0,234.2944395056983,0,232.1693425806819,0
40,233.9947597001855,0,234.5610512977285,0,232.4882773515098,0
41,234.287210662946,0,234.8174286727586,0,232.7987898502404,0
42,234.5695330962349,0,235.0632756314264,0,233.1004005055866,0
43,234.8413484121423,0,235.2982136778284,0,233.3926363911388,0
44,235.1023483584916,0,235.5219797661804,0,233.6751146025157,0
45,235.352221948041,0,235.7343100446593,0,233.9474527667581,0
46,235.590726079605,0,235.9349460173507,0,234.2093403322419,0
47,235.8175914576029,0,236.1236835068249,0,234.4604529349601,0
48,236.0326089068228,0,236.3003357414877,0,234.7005417581153,0
49,236.2355771673733,0,236.4646913216642,0,234.9293418991757,0
50,236.4262959779007,0,236.6166037837821,0,235.1466203617148,0
51,236.6046048028718,0,236.7559442539978,0,235.3521939398839,0
52,236.7703342407406,0,236.8825280095788,0,235.5458292004225,0
53,236.9233431306741,0,236.9962418160703,0,235.727384910378,0
54,237.0634954338618,0,237.0970087138232,0,235.896661953334,0
55,237.1906786840435,0,237.1846998484232,0,236.0535563909894,0
56,237.3047720943965,0,237.2591894412199,0,236.1978839862441,0
57,237.4056825338085,0,237.3204594191702,0,236.3295664776602,0
58,237.4933092241256,0,237.3684133535757,0,236.4484436067438,0
59,237.5675763266746,0,237.4029582640494,0,236.5544405546416,0
60,237.6284055988959,0,237.4240315451688,0,236.6474562749598,0
61,237.6757362200729,0,237.4316495382098,0,236.7273879506809,0
62,237.7095054015116,0,237.4257326336426,0,236.794189470344,0
63,237.7296623226908,0,237.4062094335679,0,236.8477577734303,0
64,237.7361668840164,0,237.3730720479827,0,236.8880483660327,0
65,237.7289813417964,0,237.3263585300138,0,236.9150235542295,0
66,237.7080817028309,0,237.2660180118439,0,236.9285990675238,0
67,237.6734389596604,0,237.191993594105,0,236.9287680453531,0
68,237.625044296166,0,237.1043102372103,0,236.9155027722719,0
69,237.5628872560307,0,237.0030537526752,0,236.88874286485,0
70,237.4869662971074,0,236.8881837998609,0,236.8485021108829,0
71,237.3972882155397,0,236.7596661401067,0,236.7947816457608,0
72,237.2938648593051,0,236.617527267665,0,236.7275417476302,0
73,237.1767536184727,0,236.4619784772732,0,236.6468324079565,0
74,237.0461620365082,0,236.2931708659148,0,236.5528857398183,0
75,236.9021960157835,0,236.1111369220374,0,236.4457575068758,0
76,236.744957889106,0,235.9159527414168,0,236.3255119811899,0
77,236.5745861462165,0,235.7080471425568,0,236.1923302430524,0
78,236.3912514731578,0,235.4874745428543,0,236.0463554098674,0
79,236.1951914987224,0,235.2542996520955,0,235.8877765465732,0
80,235.9866867724566,0,235.0087831918386,0,235.7168588673707,0
81,235.7661006221918,0,234.7519304028817,0,235.534012293518,0
82,235.5338789853694,0,234.4835807823627,0,235.3396357336465,0
83,235.2905559067463,0,234.2043275382665,0,235.1342127633258,0
84,235.0367888825564,0,233.9150512630819,0,234.9184034452668,0
85,234.7733625200428,0,233.616720167667,0,234.6930386943573,0
86,234.5011516341351,0,233.3100185125696,0,234.4589369748846,0
87,234.2211764313938,0,232.9961515125446,0,234.2170608633814,0
88,233.934567037188,0,232.6765777344884,0,233.9685438309247,0
89,233.6426794020815,0,232.3531180273075,0,233.7148060450905,0
90,233.3469686703187,0,232.0278311021798,0,233.4572288324757,0
91,233.0490601314973,0,231.7034643817073,0,233.1973559532675,0
92,232.7507597362601,0,231.3836875667855,0,232.936957822581,0
93,232.4541458631091,0,231.074120451078,0,232.6781989744758,0
94,232.1612734463106,0,230.7813826257309,0,232.4229835840039,0
95,231.8748234966787,0,230.5168601272366,0,232.1737695346056,0
96,231.5973096772082,0,230.29709686959,0,231.9328108340906,0
97,231.3316949057119,0,230.145369530569,0,231.7029640109841,0
98,231.0812035745382,0,230.078731144616,0,231.4866270794318,0
99,230.8495472429929,0,230.0023837035364,0,231.2859860927645,0
100,230.640553229129,0,229.926532214402,0,231.1019905029031,0
101,230.4584694786129,0,229.8535512912625,0,230.9341751167478,0
102,230.3080996234773,0,229.7792022207696,0,230.7738706155532,0
103,230.194673954979,0,229.6363464038332,0,230.5985514949104,0
104,230.1232862299537,0,228.8178612571628,0,230.3521384380241,0
105,229.3364789792046,0,227.1975411794417,0,229.9012363916709,0
106,227.5760288349265,0,225.4050954016923,0,228.5865765633611,0
107,225.7866874928675,0,223.5844798633595,0,226.8408730263298,0
108,223.9691051685417,0,221.7363917298321,0,225.0666106980061,0
109,222.1239060541233,0,219.861432192722,0,223.2644591851519,0
110,220.2517378812996,0,217.9602551307131,0,221.4349066758215,0
111,218.353271634777,0,216.0335815761832,0,219.5786138661217,0
112,216.4291766667771,0,214.0820867802477,0,217.6962909365391,0
113,214.4801458647015,0,212.1064487471293,0,215.7886644051672,0
114,212.5068942477322,0,210.1074296633818,0,213.8563495000876,0
115,210.5101584231248,0,208.0857838841445,0,211.9000504214888,0
116,208.4907184458389,0,206.0422730962657,0,209.9205748270651,0
117,206.4493057784859,0,203.9776820749394,0,207.9186781191837,0
118,204.3867392922093,0,201.8928325319898,0,205.8951006488565,0
119,202.3038330420985,0,199.7885417169574,0,203.8506254883957,0
120,200.2014412062277,0,197.6657154914547,0,201.7861266713105,0
121,198.0804134252132,0,195.5251884311515,0,199.7024676984544,0
122,195.9416188480534,0,193.3678666235409,0,197.6004402811448,0
123,193.7860298576473,0,191.194747572561,0,195.4810016009563,0
124,191.6145552011811,0,189.0067467614464,0,193.3450760392284,0
125,189.4281686541909,0,186.8048830552408,0,191.1936309807371,0
126,187.2279095786735,0,184.5901942371927,0,189.0276311472595,0
127,185.0148243190035,0,182.3637838849234,0,186.8481284968842,0
128,182.7899780597306,0,180.1267184765315,0,184.6562010316372,0
129,180.5545217249065,0,177.8802070869552,0,182.4529418153611,0
130,178.3096075849662,0,175.6254103523045,0,180.2394735605111,0
131,176.0564924776658,0,173.3636475351889,0,178.0170664621385,0
132,173.7964094598983,0,171.0961835329582,0,175.7869216445099,0
133,171.5307415140075,0,168.824444812311,0,173.5503680502921,0
134,169.2608969403672,0,166.5499040268287,0,171.3088204604108,0
135,166.9883202385066,0,164.274063633332,0,169.0636986655479,0
136,164.7146132055522,0,161.9985741381346,0,166.8165415895852,0
137,162.4414196735145,0,159.7251841055362,0,164.5689995036633,0
138,160.1705430549375,0,157.4557719314071,0,162.3228290471623,0
139,157.9038437746505,0,155.1923008232853,0,160.0798410508286,0
140,155.6433764089303,0,152.9369433184751,0,157.8420853005914,0
141,153.3913612457828,0,150.6920653609829,0,155.6117062615915,0
142,151.1501503715511,0,148.4601725180229,0,153.3910272111232,0
143,148.9224045260085,0,146.2441327197052,0,151.1826624321046,0
144,146.7109945164641,0,144.0470507039229,0,148.9894110573366,0
145,144.5191200303209,0,141.8724189912695,0,146.8144314194181,0
146,142.3503923396833,0,139.7241838560122,0,144.6612372810769,0
147,140.2088834293011,0,137.6067887671194,0,142.533850676235,0
148,138.0992773436746,0,135.5254810163803,0,140.4368363385092,0
149,136.0269978485775,0,133.4863679228489,0,138.3755394806699,0
150,133.9985149100723,0,131.4968301546885,0,136.3562822743989,0
151,132.021642144,0,129.5657853095938,0,134.3867608983657,0
152,130.1062125035639,0,127.7044863798546,0,132.4766311057531,0
153,128.2651227055697,0,125.9276258895441,0,130.6385876750969,0
154,126.5168778570325,0,124.2559378143737,0,128.8909084066828,0
155,124.8952618766446,0,122.7259537528004,0,127.2670824503422,0
156,123.4601160221339,0,121.4007838082129,0,125.8265614705855,0
157,122.16839916276,0,120.2411557539603,0,124.5258782453137,0
158,120.9968938593149,0,119.2276555141982,0,123.3412340295891,0
159,119.9350333567876,0,118.352449145839,0,122.261347177213,0
160,118.9763886569752,0,117.6067436727664,0,121.2788839504816,0
161,118.1167746463296,0,116.9642155384882,0,120.3885222278722,0
162,117.3530317387866,0,116.4078528248902,0,119.585646111277,0
163,116.682194423203,0,115.9325233712499,0,118.8654810835989,0
164,116.1016159439128,0,115.5329108183773,0,118.2231038459523,0
165,115.6086813860123,0,115.2031414338591,0,117.6531025696801,0
166,115.2005502116572,0,114.9364723363405,0,117.1492499096373,0
167,114.8737293107492,0,114.7249130242624,0,116.7041206926396,0
168,114.6234640474733,0,114.5589424714123,0,116.3089665540237,0
169,114.442633896111,0,114.4274876308015,0,115.9536257716888,0
170,114.3186142611937,0,114.3184310093604,0,115.6271411615399,0
171,114.2224670943604,0,114.222356014121,0,115.3214759439099,0
172,114.1373317385769,0,114.1372223566518,0,115.0363175623235,0
173,114.0628320904406,0,114.0627241946619,0,114.7735029310475,0
174,113.998732027576,0,113.9986254104882,0,114.5354210763943,0
175,113.9448208579987,0,113.9447153163497,0,114.3250696715757,0
176,113.9009367961625,0,113.9008321299279,0,114.146105670174,0
177,113.86693677161,0,113.8668327836193,0,114.0028012881601,0
178,113.8427225629739,0,113.8426190580164,0,113.8996378776884,0
179,113.8282240352027,0,113.828120819467,0,113.8402205302081,0
180,113.8234004642246,0,113.8232973447335,0,113.8232973447654,0
