loop:1,season:59346890,P_air:4.994774198294836,P_ice:9.513011769334927e-06,P_rego:0.005216288693394261,T_sub:214.2944855693002
0,214.2944855693002,864.2845587532443,219.2085723959543,0,214.2944856602634,864.2887293789839
1,238.6188714504278,0,242.69753964731,0,236.4849687806028,0
2,246.8829894954536,0,250.681795736602,0,244.2897227170346,0
3,252.0522332368794,0,255.7422184280205,0,249.1725903429572,0
4,255.9778872027584,0,259.6268197935012,0,252.8816378152992,0
5,259.2734565951732,0,262.914789530352,0,255.9961083067812,0
6,262.2140507944638,0,265.8657820275274,0,258.7757090559136,0
7,264.9443870750217,0,268.6163339684234,0,261.3570289536739,0
8,267.5483030512573,0,271.2455042271367,0,263.8191784238837,0
9,270.0774590343137,0,273.8019765665593,0,266.2108921055818,0
10,272.5649715972048,0,276.3169327937534,0,268.5634019929158,0
11,275.0325727789217,0,278.8108121802335,0,270.8971968401307,0
12,277.4946642765072,0,281.2971388705361,0,273.2258495550548,0
13,279.9607522845278,0,283.7848202113024,0,275.5583155133621,0
14,282.4369799893904,0,286.2795930815369,0,277.9003788741568,0
15,284.9271295453182,0,288.7849693426487,0,280.2555980156479,0
16,287.4332980074842,0,291.3028734925685,0,282.6259431750819,0
17,289.9563653003847,0,293.834084020351,0,285.0122377894068,0
18,292.4963252877089,0,296.3785455631212,0,287.4144706385416,0
19,295.05252425965,0,298.9355937061509,0,289.8320206319954,0
20,297.6238353346312,0,301.5041193288842,0,292.2638211416972,0
21,300.2087875987008,0,304.0826902649068,0,294.7084816490307,0
22,302.8056627129717,0,306.6696422907308,0,297.1643787209188,0
23,305.4125677805018,0,309.2631477390309,0,299.629724610647,0
24,308.027490657373,0,311.86126757105,0,302.1026193180976,0
25,310.6483421314449,0,314.4619910801924,0,304.5810902814671,0
26,313.2729881795336,0,317.0632662541547,0,307.0631227277545,0
27,315.8992746644246,0,319.6630230213661,0,309.5466829078855,0
28,318.5250462290719,0,322.259191037614,0,312.0297358722472,0
29,321.1481607096135,0,324.8497132576213,0,314.5102590315126,0
30,323.7665000705462,0,327.4325562362977,0,316.9862524473616,0
31,326.3779786301617,0,330.0057178824531,0,319.6662636563439,0
32,328.9805491686204,0,332.5672332223255,0,322.3377780569626,0
33,331.5722073785214,0,335.1151786052715,0,324.9988384917912,0
34,334.1509950170037,0,337.6476746891299,0,327.6475311627291,0
35,336.7150020410705,0,340.1628884699219,0,330.281987671194,0
36,339.2623679480911,0,342.6590345643519,0,332.9003863113991,0
37,341.7912824969841,0,345.1343759098733,0,335.5009527814881,0
38,344.2999859492325,0,347.5872240129619,0,338.0819604431497,0
39,346.7867689403116,0,350.0159388493332,0,340.6417302334543,0
40,349.2499720695237,0,352.4189284986662,0,343.1786303114808,0
41,351.6879852783159,0,354.7946485796021,0,345.6910755054456,0
42,354.0992470728854,0,357.1416015373076,0,348.1775266127291,0
43,356.4822436354738,0,359.4583358253255,0,350.6364895943825,0
44,358.8355078596265,0,361.7434450147546,0,353.0665146972672,0
45,361.1576183373422,0,363.9955668569991,0,355.4661955300001,0
46,363.4471983201555,0,366.2133823208061,0,357.8341681134272,0
47,365.702914671439,0,368.3956146197893,0,360.169109921848,0
48,367.9234768233833,0,370.5410282431386,0,362.4697389276581,0
49,370.1076357490242,0,372.6484279992744,0,364.7348126591698,0
50,372.2541829572071,0,374.7166580799027,0,366.9631272790674,0
51,374.3619495163724,0,376.7446011500202,0,369.1535166890452,0
52,376.4298051114403,0,378.7311774679463,0,371.3048516646947,0
53,378.4566571367665,0,380.6753440382387,0,373.41603902349,0
54,380.4414498271453,0,382.5760937993735,0,375.4860208277568,0
55,382.3831634279686,0,384.4324548472987,0,377.5137736237263,0
56,384.2808134050458,0,386.2434896953898,0,379.4983077171864,0
57,386.1334496940417,0,388.0082945708151,0,381.4386664857532,0
58,387.9401559891256,0,389.7259987469692,0,383.3339257274026,0
59,389.7000490700942,0,391.3957639113499,0,385.1831930446423,0
60,391.412278167023,0,393.0167835680242,0,386.9856072634436,0
61,393.0760243613117,0,394.5882824736674,0,388.7403378859444,0
62,394.6905000218992,0,396.1095161060711,0,390.4465845757744,0
63,396.2549482753057,0,397.5797701638697,0,392.1035766748031,0
64,397.7686425081455,0,398.9983600963086,0,393.7105727500564,0
65,399.2308859007188,0,400.3646306617104,0,395.266860169525,0
66,400.6410109902813,0,401.6779555134082,0,396.7717547055628,0
67,401.9983792626152,0,402.9377368118521,0,398.2246001646402,0
68,403.3023807705484,0,404.1434048616592,0,399.6247680421625,0
69,404.5524337781013,0,405.2944177723901,0,400.9716572011549,0
70,405.7479844289912,0,406.3902611418667,0,402.2646935736382,0
71,406.8885064382627,0,407.4304477609138,0,403.5033298835377,0
72,407.9735008058756,0,408.4145173384386,0,404.6870453900669,0
73,409.0024955511362,0,409.3420362458088,0,405.8153456505014,0
74,409.9750454669035,0,410.2125972795523,0,406.8877623014311,0
75,410.8907318925787,0,411.0258194414556,0,407.9038528574654,0
76,411.7491625049379,0,411.781347735191,0,408.8632005265923,0
77,412.5499711259176,0,412.4788529786381,0,409.7654140413406,0
78,413.2928175465381,0,413.1180316311632,0,410.6101275049534,0
79,413.9773873661997,0,413.6986056351294,0,411.3970002518983,0
80,414.6033918466439,0,414.2203222709832,0,412.1257167220271,0
81,415.1705677799332,0,414.6829540253163,0,412.7959863477747,0
82,415.6786773698544,0,415.0862984713658,0,413.4075434538751,0
83,416.1275081262111,0,415.4301781614266,0,413.9601471690282,0
84,416.5168727715181,0,415.7144405307603,0,414.4535813491336,0
85,416.8466091596737,0,415.9389578125666,0,414.8876545116318,0
86,417.1165802062291,0,416.1036269636948,0,415.262199780621,0
87,417.3266738299305,0,416.2083696007864,0,415.5770748424442,0
88,417.4768029052628,0,416.2531319465887,0,415.8321619114807,0
89,417.5669052257689,0,416.2378847862419,0,416.0273677059201,0
90,417.5969434779691,0,416.1626234333815,0,416.1626234333815,0
91,417.5669052257689,0,416.0273677059201,0,416.2378847862419,0
92,417.4768029052628,0,415.8321619114807,0,416.2531319465887,0
93,417.3266738299305,0,415.5770748424442,0,416.2083696007864,0
94,417.1165802062291,0,415.262199780621,0,416.1036269636948,0
95,416.8466091596737,0,414.8876545116318,0,415.9389578125666,0
96,416.5168727715181,0,414.4535813491336,0,415.7144405307603,0
97,416.1275081262111,0,413.9601471690282,0,415.4301781614266,0
98,415.6786773698544,0,413.4075434538751,0,415.0862984713658,0
99,415.1705677799332,0,412.7959863477747,0,414.6829540253163,0
100,414.6033918466439,0,412.1257167220271,0,414.2203222709832,0
101,413.9773873661997,0,411.3970002518983,0,413.6986056351294,0
102,413.2928175465381,0,410.6101275049534,0,413.1180316311632,0
103,412.5499711259176,0,409.7654140413406,0,412.4788529786381,0
104,411.7491625049379,0,408.8632005265923,0,411.781347735191,0
105,410.8907318925787,0,407.9038528574654,0,411.0258194414556,0
106,409.9750454669035,0,406.8877623014311,0,410.2125972795523,0
107,409.0024955511362,0,405.8153456505014,0,409.3420362458088,0
108,407.9735008058756,0,404.6870453900669,0,408.4145173384386,0
109,406.8885064382627,0,403.5033298835377,0,407.4304477609138,0
110,405.7479844289912,0,402.2646935736382,0,406.3902611418667,0
111,404.5524337781013,0,400.9716572011549,0,405.2944177723901,0
112,403.3023807705484,0,399.6247680421625,0,404.1434048616592,0
113,401.9983792626152,0,398.2246001646402,0,402.9377368118521,0
114,400.6410109902813,0,396.7717547055628,0,401.6779555134082,0
115,399.2308859007188,0,395.266860169525,0,400.3646306617104,0
116,397.7686425081455,0,393.7105727500564,0,398.9983600963086,0
117,396.2549482753057,0,392.1035766748031,0,397.5797701638697,0
118,394.6905000218992,0,390.4465845757744,0,396.1095161060711,0
119,393.0760243613117,0,388.7403378859444,0,394.5882824736674,0
120,391.412278167023,0,386.9856072634436,0,393.0167835680242,0
121,389.7000490700942,0,385.1831930446423,0,391.3957639113499,0
122,387.9401559891256,0,383.3339257274026,0,389.7259987469692,0
123,386.1334496940417,0,381.4386664857532,0,388.0082945708151,0
124,384.2808134050458,0,379.4983077171864,0,386.2434896953898,0
125,382.3831634279686,0,377.5137736237263,0,384.4324548472987,0
126,380.4414498271453,0,375.4860208277568,0,382.5760937993735,0
127,378.4566571367665,0,373.41603902349,0,380.6753440382387,0
128,376.4298051114403,0,371.3048516646947,0,378.7311774679463,0
129,374.3619495163724,0,369.1535166890452,0,376.7446011500202,0
130,372.2541829572071,0,366.9631272790674,0,374.7166580799027,0
131,370.1076357490242,0,364.7348126591698,0,372.6484279992744,0
132,367.9234768233833,0,362.4697389276581,0,370.5410282431386,0
133,365.702914671439,0,360.169109921848,0,368.3956146197893,0
134,363.4471983201555,0,357.8341681134272,0,366.2133823208061,0
135,361.1576183373422,0,355.4661955300001,0,363.9955668569991,0
136,358.8355078596265,0,353.0665146972672,0,361.7434450147546,0
137,356.4822436354738,0,350.6364895943825,0,359.4583358253255,0
138,354.0992470728854,0,348.1775266127291,0,357.1416015373076,0
139,351.6879852783159,0,345.6910755054456,0,354.7946485796021,0
140,349.2499720695237,0,343.1786303114808,0,352.4189284986662,0
141,346.7867689403116,0,340.6417302334543,0,350.0159388493332,0
142,344.2999859492325,0,338.0819604431497,0,347.5872240129619,0
143,341.7912824969841,0,335.5009527814881,0,345.1343759098733,0
144,339.2623679480911,0,332.9003863113991,0,342.6590345643519,0
145,336.7150020410705,0,330.281987671194,0,340.1628884699219,0
146,334.1509950170037,0,327.6475311627291,0,337.6476746891299,0
147,331.5722073785214,0,324.9988384917912,0,335.1151786052715,0
148,328.9805491686204,0,322.3377780569626,0,332.5672332223255,0
149,326.3779786301617,0,319.6662636563439,0,330.0057178824531,0
150,323.7665000705462,0,316.9862524473616,0,327.4325562362977,0
151,321.1481607096135,0,314.5102590315126,0,324.8497132576213,0
152,318.5250462290719,0,312.0297358722472,0,322.259191037614,0
153,315.8992746644246,0,309.5466829078855,0,319.6630230213661,0
154,313.2729881795336,0,307.0631227277545,0,317.0632662541547,0
155,310.6483421314449,0,304.5810902814671,0,314.4619910801924,0
156,308.027490657373,0,302.1026193180976,0,311.86126757105,0
157,305.4125677805018,0,299.629724610647,0,309.2631477390309,0
158,302.8056627129717,0,297.1643787209188,0,306.6696422907308,0
159,300.2087875987008,0,294.7084816490307,0,304.0826902649068,0
160,297.6238353346312,0,292.2638211416972,0,301.5041193288842,0
161,295.05252425965,0,289.8320206319954,0,298.9355937061509,0
162,292.4963252877089,0,287.4144706385416,0,296.3785455631212,0
163,289.9563653003847,0,285.0122377894068,0,293.834084020351,0
164,287.4332980074842,0,282.6259431750819,0,291.3028734925685,0
165,284.9271295453182,0,280.2555980156479,0,288.7849693426487,0
166,282.4369799893904,0,277.9003788741568,0,286.2795930815369,0
167,279.9607522845278,0,275.5583155133621,0,283.7848202113024,0
168,277.4946642765072,0,273.2258495550548,0,281.2971388705361,0
169,275.0325727789217,0,270.8971968401307,0,278.8108121802335,0
170,272.5649715972048,0,268.5634019929158,0,276.3169327937534,0
171,270.0774590343137,0,266.2108921055818,0,273.8019765665593,0
172,267.5483030512573,0,263.8191784238837,0,271.2455042271367,0
173,264.9443870750217,0,261.3570289536739,0,268.6163339684234,0
174,262.2140507944638,0,258.7757090559136,0,265.8657820275274,0
175,259.2734565951732,0,255.9961083067812,0,262.914789530352,0
176,255.9778872027584,0,252.8816378152992,0,259.6268197935012,0
177,252.0522332368794,0,249.1725903429572,0,255.7422184280205,0
178,246.8829894954536,0,244.2897227170346,0,250.681795736602,0
179,238.6188714504278,0,236.4849687806028,0,242.69753964731,0
180,214.2944855693002,864.2845587532443,214.2944856602634,864.2887293789839,219.2085723959543,0
